// Data set for large 1000 randomly sorted items.
 
int size = 3000;
 
int src[] = { 
9561,
2282,
9364,
1644,
4339,
3579,
4043,
9777,
316,
7492,
4244,
6199,
3326,
8044,
8659,
1951,
8883,
2081,
4658,
8242,
515,
117,
3729,
4176,
1885,
4719,
4389,
3735,
2416,
253,
5355,
5336,
4528,
5222,
835,
1081,
3142,
5489,
7423,
7533,
2179,
6469,
4225,
4588,
4106,
3564,
5845,
8442,
1844,
5181,
29,
3753,
4496,
4173,
9193,
1546,
7952,
1907,
9519,
7273,
2649,
9270,
5165,
3220,
1936,
1786,
6766,
8273,
5488,
9732,
5894,
4031,
6934,
3609,
1098,
2663,
7708,
5852,
3847,
170,
5768,
2992,
6494,
7986,
8508,
3564,
7817,
2822,
2279,
8990,
8390,
7137,
6402,
4429,
7018,
4777,
1767,
7889,
9384,
4511,
1618,
7225,
1689,
8422,
2686,
8937,
9771,
1004,
2661,
9228,
126,
1303,
2907,
7771,
6988,
2614,
362,
2260,
6778,
150,
2716,
5222,
7799,
8422,
1807,
6955,
5043,
7139,
2622,
8097,
3222,
7714,
9830,
6067,
6754,
2234,
5038,
7981,
4035,
9066,
3709,
6987,
5723,
8162,
7583,
9561,
8537,
6244,
177,
6260,
64,
9528,
8971,
7502,
3891,
9108,
990,
5607,
9720,
2540,
2825,
9506,
3122,
3878,
8120,
9745,
5618,
3442,
6979,
9816,
1281,
8520,
1049,
9545,
4954,
6269,
1148,
8297,
6049,
9241,
5460,
7001,
4671,
1167,
6767,
6884,
5734,
7024,
8827,
1769,
7691,
429,
7305,
4866,
4782,
8423,
9862,
8593,
1723,
2700,
331,
6174,
3400,
7378,
3761,
2324,
5071,
2306,
4054,
1561,
9832,
2133,
4198,
1803,
2569,
5138,
6671,
9264,
2928,
9329,
4428,
8352,
2303,
7222,
6531,
9386,
3966,
1403,
7700,
9695,
4787,
8010,
9939,
9243,
5581,
3366,
2416,
7372,
21,
6427,
9984,
9628,
752,
4845,
1015,
448,
6256,
4498,
8921,
1946,
7212,
4336,
3731,
7635,
9815,
2347,
2524,
7388,
7974,
8524,
2126,
3515,
8129,
8944,
1865,
6559,
3238,
2701,
9634,
5278,
1377,
5652,
3893,
1584,
1989,
1418,
6560,
6617,
3470,
5781,
8001,
9229,
2929,
6012,
1776,
3918,
2028,
8141,
3816,
1459,
4653,
1908,
6061,
9964,
4272,
148,
725,
6125,
2560,
4231,
4767,
1384,
264,
369,
3055,
8167,
5900,
3975,
7528,
6148,
922,
995,
2642,
7863,
408,
4260,
6847,
9657,
2881,
8702,
983,
2675,
987,
2512,
2371,
7908,
7473,
7661,
5452,
9353,
5242,
958,
352,
8925,
4743,
756,
746,
2442,
6493,
6214,
6080,
7634,
5720,
4807,
1460,
5980,
7702,
3598,
5364,
5010,
9940,
8702,
8812,
3878,
6347,
205,
3696,
6602,
2505,
2523,
8145,
1036,
1653,
5562,
5606,
9381,
8642,
3194,
5536,
2742,
491,
6714,
7885,
2521,
7582,
4959,
1158,
2696,
5962,
8816,
5977,
2869,
6388,
4065,
5338,
6757,
918,
7588,
6302,
2234,
4998,
6496,
780,
2468,
2010,
3007,
9380,
9559,
6354,
4119,
9571,
9714,
3464,
4366,
3324,
855,
1327,
4270,
7196,
77,
1309,
3789,
638,
8146,
783,
7186,
2598,
1140,
4840,
929,
7205,
3123,
6753,
7583,
899,
575,
1122,
3355,
9812,
6390,
87,
186,
9652,
8278,
8362,
8551,
4646,
9474,
4424,
8579,
1250,
6114,
4439,
8615,
2733,
9466,
5039,
6909,
5463,
4927,
6142,
6950,
6516,
1504,
7991,
5284,
2243,
8508,
5748,
1270,
4320,
7740,
4759,
4030,
2852,
5275,
2001,
9407,
9200,
9218,
1774,
3398,
2135,
5310,
2866,
2885,
5539,
4245,
6604,
3009,
7592,
5212,
7772,
7050,
7971,
9548,
5442,
8209,
2301,
215,
5498,
9232,
4160,
6247,
2911,
5789,
3421,
2944,
269,
9647,
560,
4981,
2936,
4922,
3576,
2637,
1578,
8665,
5758,
1171,
2910,
3539,
169,
7577,
8383,
4142,
8283,
2176,
4531,
7400,
6482,
928,
1747,
5386,
5924,
6197,
4921,
8576,
9212,
1578,
5887,
4043,
519,
1964,
6665,
3253,
6989,
5988,
8446,
8562,
1659,
1087,
5235,
5950,
3852,
8452,
2049,
3879,
9591,
7344,
4509,
8181,
5770,
3399,
5562,
7877,
9218,
8159,
3039,
4356,
3007,
5604,
7622,
9796,
6379,
3901,
9096,
5257,
9254,
6081,
5425,
7453,
612,
7743,
3243,
7555,
2875,
7063,
6459,
7523,
5914,
444,
6020,
8196,
9346,
7570,
1599,
2666,
8547,
4459,
9326,
9748,
4675,
3387,
2614,
6397,
1224,
5909,
8306,
8183,
201,
2717,
4935,
8824,
1711,
8245,
7479,
7783,
8773,
4918,
3370,
2004,
2589,
4785,
1351,
8835,
3244,
3657,
1980,
845,
1148,
4730,
1307,
5875,
5352,
5956,
4509,
2490,
9427,
1144,
5555,
2263,
9060,
6192,
9357,
6497,
3677,
4349,
8663,
6412,
663,
6863,
1802,
8172,
8668,
3920,
4966,
651,
8848,
3085,
3917,
8823,
1831,
5987,
2239,
5693,
9043,
3180,
5198,
5560,
877,
5646,
3503,
2372,
7260,
7316,
6659,
258,
5491,
8987,
1224,
8312,
4045,
8761,
2467,
1459,
4674,
7863,
5695,
5883,
3986,
9175,
9661,
8719,
7950,
6537,
8268,
3781,
4576,
9761,
7008,
6867,
3101,
2294,
6207,
418,
7726,
3570,
9625,
3554,
2426,
5152,
6481,
7183,
6406,
9293,
8882,
6447,
5354,
3371,
8397,
1616,
6903,
4993,
9634,
7480,
2101,
3326,
3626,
9006,
9380,
3156,
273,
3202,
3902,
3879,
7792,
4267,
6081,
610,
7276,
6791,
3290,
2678,
7344,
3411,
8699,
7336,
3354,
3362,
1628,
1436,
6410,
5524,
4114,
8069,
5358,
6078,
9523,
6161,
2606,
1749,
2444,
1720,
1679,
977,
7761,
2467,
5506,
5539,
2806,
8539,
4193,
2778,
2237,
9620,
8263,
6511,
2547,
6484,
5964,
2637,
4066,
742,
2078,
6076,
9622,
1395,
4120,
8301,
1865,
9331,
8932,
2604,
6225,
7286,
6228,
2120,
3378,
9673,
6378,
5050,
6990,
5185,
1300,
8240,
5077,
8102,
4100,
3205,
5416,
8330,
2270,
5901,
5459,
6763,
3516,
2552,
5636,
5975,
81,
9160,
2360,
6593,
5593,
8738,
9732,
7352,
8009,
7690,
3986,
3333,
7593,
7429,
9970,
8307,
2471,
2217,
6333,
8889,
2318,
430,
8919,
7366,
2146,
8413,
2352,
8553,
2497,
7874,
8297,
6543,
3790,
363,
6469,
8524,
9715,
9213,
4535,
2267,
7467,
1092,
8778,
3230,
2999,
6753,
1498,
5528,
5386,
9942,
6791,
4261,
8731,
3402,
9924,
4324,
7403,
5601,
7820,
4146,
8880,
27,
4409,
1081,
8825,
8524,
6416,
155,
8578,
823,
5373,
4600,
2835,
3926,
361,
633,
2563,
6478,
8458,
1476,
8087,
255,
3022,
1878,
3938,
5345,
8775,
7258,
6695,
9087,
9513,
3440,
1873,
3292,
6663,
5268,
1379,
3699,
2896,
7626,
6207,
9930,
7810,
7170,
3020,
2544,
7640,
2102,
9240,
6118,
4928,
8835,
3247,
2667,
1871,
4833,
6771,
1623,
4013,
6803,
8546,
3290,
6304,
1752,
934,
3984,
8120,
5116,
4656,
7319,
3460,
6676,
3411,
1995,
488,
491,
9964,
6991,
3499,
6402,
2423,
3461,
4209,
6394,
4371,
7897,
9495,
4616,
9394,
7826,
4557,
297,
4543,
7569,
6937,
110,
6419,
4757,
5919,
470,
9686,
4740,
47,
3928,
4578,
434,
9883,
1727,
3208,
7625,
1755,
731,
5598,
480,
7855,
7066,
8055,
2312,
6092,
9395,
828,
8603,
4351,
2601,
2367,
72,
9469,
8406,
1350,
1048,
6339,
1681,
7483,
5254,
4531,
5414,
7297,
5184,
6451,
9679,
7785,
7456,
2576,
21,
3380,
3492,
367,
8098,
5515,
3036,
2718,
2005,
8098,
1908,
4936,
6663,
3551,
513,
1104,
157,
7503,
6831,
8605,
5188,
3624,
7455,
398,
6979,
7786,
8582,
4784,
7266,
1410,
7765,
5679,
8665,
7874,
7894,
3693,
692,
155,
7324,
8852,
773,
4354,
3822,
9605,
7080,
2417,
6992,
3351,
2029,
8375,
2069,
2886,
7346,
9941,
251,
4517,
4065,
144,
2724,
2014,
9614,
5462,
7046,
6972,
7608,
3635,
8909,
5982,
3478,
3147,
3496,
7580,
3928,
8559,
61,
8763,
6871,
4587,
9948,
2022,
2327,
7147,
2550,
4326,
2725,
6707,
5224,
4141,
7488,
4085,
7659,
1470,
4098,
2602,
3260,
3307,
402,
1517,
1846,
1972,
7157,
8779,
6185,
9549,
83,
7519,
5591,
2434,
8606,
313,
5900,
6567,
9704,
7366,
5903,
3360,
4468,
4497,
2980,
5244,
1762,
3175,
8523,
4670,
949,
1294,
4935,
7678,
8196,
2773,
1548,
706,
9120,
5350,
9418,
9859,
9941,
2103,
4572,
2914,
7162,
5466,
9083,
5410,
1975,
2973,
3508,
3397,
7546,
9635,
6829,
5610,
7457,
3052,
420,
8207,
2731,
538,
8207,
615,
847,
3496,
7324,
4927,
7690,
4901,
5374,
5099,
8449,
359,
5411,
9204,
85,
5922,
5698,
1967,
9286,
2002,
6446,
685,
4686,
2635,
3659,
7672,
3951,
8775,
4341,
7837,
734,
5870,
7672,
2243,
7527,
1358,
7547,
3066,
5076,
7033,
7429,
4850,
1041,
8665,
2440,
3585,
9790,
7024,
3701,
556,
9321,
8563,
5263,
7920,
8638,
975,
3771,
8402,
7562,
6660,
8905,
5406,
1118,
5993,
2770,
2163,
2952,
8883,
2874,
5896,
4521,
2741,
3837,
5392,
8536,
2222,
723,
2548,
73,
170,
6929,
6782,
3262,
654,
3089,
1268,
2773,
6975,
1360,
6947,
5096,
3552,
1793,
8684,
6714,
6344,
7518,
3908,
4920,
9630,
848,
9313,
1409,
6435,
404,
6775,
3955,
6914,
3113,
7441,
514,
6081,
3296,
4376,
1622,
6761,
14,
8431,
6829,
3830,
9027,
9087,
4949,
789,
6563,
4048,
6011,
7282,
7433,
6696,
2805,
8383,
5391,
5767,
7240,
763,
8983,
9349,
8517,
2714,
9076,
4339,
9500,
1884,
8892,
636,
5962,
8472,
7414,
5505,
8105,
6484,
5505,
3683,
2431,
7865,
2099,
1953,
6571,
9828,
9850,
4906,
2451,
8966,
6469,
6357,
4948,
5803,
3201,
1537,
5205,
238,
2318,
1253,
7371,
9484,
2899,
9776,
7212,
6611,
1579,
5385,
3160,
5435,
9702,
8505,
2598,
3368,
6449,
4446,
9496,
4955,
4981,
8318,
3787,
3118,
1612,
2306,
3185,
5577,
1069,
6310,
5027,
9638,
7399,
3342,
6461,
3171,
1430,
3076,
9258,
4822,
6632,
2734,
6797,
6791,
4182,
134,
9736,
2112,
2179,
5455,
135,
6261,
224,
70,
3571,
8279,
9903,
7854,
3093,
5665,
1320,
3229,
6946,
3083,
9757,
1291,
3364,
6817,
2701,
5825,
4256,
6982,
4528,
8150,
4927,
5908,
1137,
4386,
109,
1229,
7542,
3159,
4848,
2477,
195,
6811,
9743,
8496,
3248,
3587,
9525,
8962,
6355,
3861,
289,
8533,
7115,
1967,
9719,
2291,
9956,
4214,
7985,
1691,
1361,
2220,
6660,
4748,
5912,
9936,
9256,
8127,
1084,
6418,
8305,
6603,
6706,
854,
7838,
618,
2182,
3792,
7800,
4361,
2923,
5565,
1675,
6880,
3134,
2090,
8538,
8082,
6463,
1161,
5439,
154,
8311,
8503,
741,
9674,
331,
1587,
7494,
575,
5019,
4118,
2155,
8954,
5067,
2563,
3531,
9714,
3798,
5607,
5176,
7951,
6446,
2337,
201,
4697,
3314,
4625,
8678,
8445,
373,
756,
4050,
8283,
5214,
3303,
9255,
2621,
6676,
8393,
3781,
4119,
4812,
5002,
1599,
1555,
5753,
6967,
9545,
6582,
4403,
8746,
2827,
8290,
5637,
5703,
9079,
1254,
4003,
291,
9511,
6205,
661,
8544,
2071,
8404,
68,
6358,
3935,
2424,
5974,
1385,
3661,
5318,
6773,
3761,
5451,
2815,
8641,
188,
966,
6493,
2992,
7899,
9277,
2221,
5406,
453,
4966,
5503,
4950,
3108,
562,
8501,
2637,
5272,
6852,
7385,
2177,
6036,
2208,
9443,
1350,
6115,
478,
5020,
7980,
4114,
1549,
5187,
2259,
4474,
3162,
1877,
5257,
7837,
7621,
5482,
1196,
8015,
1930,
6191,
1955,
5892,
1098,
7307,
2297,
8294,
4173,
7262,
1430,
5540,
5040,
5321,
6031,
3511,
5294,
3926,
3438,
1643,
1017,
2419,
1854,
3716,
1038,
4215,
6646,
1018,
9293,
6924,
8810,
2973,
9189,
2342,
2202,
9135,
8340,
6569,
7399,
603,
3861,
6227,
2864,
4043,
9158,
694,
9683,
6562,
1093,
7958,
9345,
1247,
9954,
8201,
2473,
3510,
6237,
5939,
4474,
8419,
2043,
9477,
3076,
9662,
3953,
2977,
801,
2798,
7649,
3576,
7851,
3552,
5859,
1964,
9561,
5479,
7819,
2231,
4294,
4955,
4766,
9816,
825,
3557,
1194,
9675,
2075,
9759,
1603,
6843,
9957,
3470,
2349,
3576,
7567,
6565,
8333,
8485,
214,
5497,
9905,
4080,
1149,
9993,
521,
8021,
4674,
9230,
7568,
5649,
638,
693,
6800,
8418,
1039,
6753,
4215,
8341,
2160,
9927,
8319,
5318,
5901,
7454,
6455,
3648,
4054,
3078,
9069,
5183,
4527,
6268,
5485,
1718,
4141,
3802,
3003,
9579,
2694,
8749,
9566,
5314,
2253,
2631,
8574,
3533,
390,
7859,
8624,
4340,
283,
7214,
5152,
997,
3307,
5311,
9779,
9984,
5208,
147,
6978,
976,
5780,
5299,
4638,
1920,
6088,
9728,
5992,
2498,
9932,
9375,
6792,
2054,
5640,
9360,
3812,
9325,
6741,
9560,
7522,
5641,
7521,
794,
7180,
4724,
5896,
6328,
1129,
4374,
5178,
7053,
9592,
2076,
9529,
7912,
9503,
4986,
4073,
638,
7720,
8085,
4244,
812,
5738,
9933,
7360,
4356,
8607,
6816,
1938,
7543,
8992,
4255,
6437,
4568,
3923,
2451,
33,
136,
1998,
7142,
3548,
1594,
1223,
8890,
6087,
340,
4655,
551,
1959,
8017,
8817,
3077,
3650,
8900,
4860,
762,
266,
4452,
9254,
765,
6765,
5115,
9439,
1493,
934,
6600,
8208,
9940,
8985,
9500,
3540,
3867,
1772,
6114,
2086,
6973,
6603,
6491,
3708,
3884,
7990,
4003,
9891,
6129,
1514,
4804,
8646,
95,
9786,
4694,
8227,
4009,
1503,
8693,
7607,
1922,
9295,
4284,
8983,
9306,
6020,
3134,
9059,
7905,
6259,
4519,
9191,
5762,
450,
1878,
75,
2198,
6375,
8740,
1770,
7135,
3062,
4758,
8735,
4471,
8601,
4311,
2246,
9840,
4882,
315,
5904,
9652,
7743,
8723,
363,
9351,
4470,
2341,
7985,
5063,
8673,
6168,
3264,
5856,
1631,
8101,
5456,
5167,
5118,
7396,
8058,
704,
2144,
3670,
8080,
9783,
8465,
3763,
5385,
9429,
1742,
6788,
4790,
8672,
1867,
1403,
951,
7860,
5332,
9147,
1922,
913,
974,
6087,
5170,
3518,
7784,
938,
4458,
4424,
4899,
3299,
1224,
1205,
550,
6325,
2776,
8418,
3559,
8696,
1619,
5046,
7179,
9809,
5071,
1070,
3589,
8923,
7186,
8014,
3714,
8363,
4651,
1218,
3281,
7793,
5987,
7856,
1026,
7036,
3564,
6922,
3819,
6175,
731,
280,
3332,
7868,
5463,
3703,
7201,
9836,
9440,
3772,
3940,
4706,
9266,
4925,
7950,
1075,
6598,
4787,
8432,
8234,
2002,
7443,
9900,
2695,
2949,
5534,
9964,
8979,
162,
1568,
1028,
8445,
2452,
1290,
9987,
2445,
3296,
2050,
697,
2439,
4353,
2262,
5619,
2808,
3447,
7864,
3701,
5924,
6762,
7474,
9732,
2199,
4855,
2214,
7583,
2644,
6642,
4292,
9344,
5442,
454,
9124,
3418,
741,
122,
2075,
4945,
440,
3629,
2505,
3935,
8975,
4509,
330,
7940,
7508,
881,
2746,
966,
5410,
3314,
1965,
7269,
2262,
3408,
6154,
3581,
794,
3587,
1714,
928,
7207,
3105,
335,
1358,
7039,
3768,
2042,
2785,
9672,
540,
8970,
3675,
2553,
7805,
870,
8783,
6631,
6619,
805,
3090,
4748,
7675,
8138,
4121,
1881,
7281,
9790,
637,
6161,
9026,
4906,
8068,
4934,
9247,
5403,
3059,
9396,
985,
7918,
1523,
7770,
7532,
9134,
1150,
5087,
7856,
2264,
9402,
794,
1112,
7014,
4327,
6310,
8882,
3799,
3996,
3727,
5262,
1620,
3579,
5213,
7800,
5059,
4236,
6472,
2350,
6299,
5334,
2563,
1906,
3666,
9417,
4550,
222,
7635,
5308,
2153,
6489,
61,
7860,
7437,
2490,
9884,
3113,
1017,
9835,
2853,
1900,
1494,
7188,
6223,
2229,
1939,
6070,
9013,
4154,
5993,
7672,
1154,
7012,
5285,
7473,
5942,
4840,
2368,
1230,
5089,
3249,
6608,
1804,
1129,
9308,
7398,
4348,
6919,
7844,
8605,
5521,
1414,
4890,
6881,
518,
221,
5701,
2728,
2663,
6178,
9076,
2716,
9076,
2857,
1919,
4534,
9683,
746,
4994,
8982,
9608,
2172,
1213,
6178,
2294,
5427,
9500,
6540,
8049,
2282,
8948,
5495,
4606,
2618,
7535,
8260,
9652,
689,
8702,
739,
9541,
5345,
2391,
9914,
8112,
6819,
148,
4491,
1547,
9561,
4839,
2261,
7916,
2208,
8779,
815,
5642,
2956,
3651,
6616,
9340,
1589,
9270,
6692,
8770,
7619,
4382,
3798,
547,
1095,
1492,
3195,
603,
836,
2366,
4337,
7887,
8422,
8938,
9756,
9462,
230,
8740,
8315,
4176,
5176,
7847,
229,
3850,
7297,
2837,
1291,
4977,
8179,
658,
4132,
3844,
4665,
6789,
6862,
9566,
7538,
4751,
4784,
6121,
2480,
1288,
120,
882,
8044,
1269,
3036,
54,
3766,
7078,
7022,
546,
5294,
2510,
923,
6651,
1745,
1848,
664,
6417,
816,
851,
900,
1859,
2097,
853,
853,
5252,
1621,
3908,
2671,
5796,
7730,
7328,
782,
6860,
5875,
708,
8384,
2792,
5336,
482,
1271,
7058,
8993,
8674,
8156,
943,
4430,
9044,
87,
8656,
7127,
7726,
648,
4475,
1308,
801,
9991,
1245,
8179,
4813,
242,
8962,
3530,
4875,
9938,
9915,
4216,
2756,
1983,
5074,
6993,
9385,
4692,
3032,
7701,
4922,
242,
4686,
5550,
3218,
5003,
5112,
1502,
4816,
8047,
1195,
1596,
6932,
8821,
5775,
9919,
4033,
7911,
9219,
1771,
3961,
3634,
9151,
1119,
5652,
694,
4991,
2859,
9573,
8464,
5398,
1709,
8568,
2102,
7528,
9598,
8370,
1840,
5915,
6265,
6283,
1767,
1934,
4242,
4428,
7387,
6118,
6726,
4168,
6408,
6960,
1789,
8239,
7495,
6600,
4805,
8265,
7204,
3273,
3610,
6376,
5969,
2816,
1898,
7090,
2791,
605,
1532,
7991,
8320,
798,
382,
8659,
3209,
5623,
1060,
5425,
8302,
1024,
8353,
969,
4466,
4289,
9952,
1795,
1729,
9904,
1447,
2323,
2835,
5033,
3886,
4873,
6170,
8387,
17,
2993,
9084,
8400,
9448,
4425,
9751,
8717,
979,
8540,
1902,
4969,
7612,
71,
2983,
3182,
3938,
6364,
5103,
8394,
8700,
9308,
777,
4879,
4937,
8940,
4055,
3390,
5605,
9567,
569,
6093,
670,
937,
1372,
8966,
3521,
5204,
2416,
9439,
8191,
4531,
2057,
7255,
8468,
5925,
4642,
3263,
5476,
5518,
7301,
1459,
4771,
9448,
1343,
767,
3676,
8541,
3471,
3080,
2521,
5524,
4872,
8801,
8615,
3326,
2602,
6776,
2420,
603,
8880,
7568,
928,
6008,
232,
1024,
2279,
591,
6919,
8050,
3707,
9189,
3532,
1580,
3529,
6716,
9891,
847,
2576,
9953,
6235,
7497,
1481,
8352,
8501,
2340,
3653,
1778,
9096,
8036,
7362,
5932,
967,
3752,
4155,
3270,
7926,
991,
6004,
945,
6197,
3888,
6039,
3099,
90,
4629,
1717,
7082,
8232,
6042,
5999,
7132,
2282,
6760,
7689,
2794,
4728,
8399,
6673,
7985,
3069,
2365,
4479,
8220,
5401,
3886,
3747,
6601,
6987,
282,
4087,
6404,
462,
3370,
925,
507,
1614,
5096,
9597,
553,
4443,
47,
9422,
4642,
4837,
27,
2771,
4746,
9156,
1814,
6850,
102,
5384,
8015,
1912,
3530,
1642,
2351,
9413,
5109,
3919,
3893,
2614,
9376,
4022,
5090,
3961,
6111,
1410,
4245,
7098,
4459,
2035,
3116,
8822,
7658,
3692,
232,
425,
9808,
3230,
6665,
5546,
281,
466,
2250,
4027,
2407,
4820,
8579,
7972,
4401,
8700,
194,
4840,
2803,
9911,
5966,
8586,
747,
3814,
8219,
1851,
8037,
5127,
47,
3130,
2401,
4301,
4219,
5681,
4536,
1576,
9967,
612,
4780,
4152,
7237,
9331,
6629,
1042,
3680,
5466,
7926,
3383,
2723,
8762,
1308,
836,
7628,
2587,
97,
5767,
7353,
431,
4016,
9819,
3379,
9330,
132,
8758,
4554,
5745,
7100,
3532,
689,
8140,
9013,
8840,
2092,
5148,
1767,
4894,
6693,
9928,
6094,
8576,
4488,
1042,
4493,
6697,
5268,
1849,
5231,
9959,
9530,
5322,
1936,
5290,
5967,
5854,
7748,
4443,
4577,
6440,
8515,
5827,
5700,
2326,
7537,
8244,
7269,
4048,
610,
4006,
5850,
1010,
2544,
2608,
7556,
9350,
3633,
1750,
206,
5084,
1252,
4937,
6072,
5191,
9496,
3987,
9462,
9844,
1853,
1812,
900,
2687,
6192,
5856,
5010,
9783,
7977,
5664,
7953,
8686,
9677,
3484,
196,
8386,
2537,
1265,
2229,
7204,
1248,
5167,
8381,
6485,
7419,
910,
5089,
805,
9532,
8370,
2036,
5032,
2947,
1262,
5704,
594,
9697,
5921,
8894,
9655,
6502,
1417,
9195,
7698,
5723,
7839,
9524,
1954,
996,
3104,
626,
6756,
7899,
2699,
2713,
9560,
6340,
759,
4445,
510,
7397,
1360,
2087,
3515,
2429,
2335,
9487,
4231,
8413,
8593,
2051,
7473,
6687,
71,
5821,
7564,
424,
8281,
2381,
3329,
4853,
2446,
9017,
1800,
963,
5723,
2535,
4505,
5368,
6551,
1138,
6343,
3993,
9655,
9474,
1677,
7550,
1262,
317,
2168,
1832,
1793,
2691,
4878,
3290,
4101,
537,
4237,
123,
6926,
4911,
5351,
2196,
555,
3916,
3780,
2721,
7991,
5875,
1163,
4486,
7998,
4133,
7634,
3671,
1403,
7606,
7148,
7540,
5989,
244,
9873,
2010,
5526,
3738,
9923,
3138,
5240,
1837,
7802,
7158,
2637,
4427,
4513,
607,
8489,
4291,
630,
4382,
8011,
5087,
8944,
3694,
8546,
1299,
6665,
1162,
1393,
7754,
2755,
6796,
8522,
4376,
2781,
8785,
2311,
7683,
2211,
4467,
8115,
8236,
5293,
5675,
5988,
5502,
3828,
7278,
6923,
9135,
556,
8818,
3636,
1100,
9153,
4295,
9977,
1931,
8656,
118,
2912,
1517,
1135,
9010,
2081,
7147,
7482,
6963,
117,
1372,
3226,
5569,
7139,
7092,
2057,
3426,
520,
5863,
9484,
6928,
8787,
7713,
994,
1671,
};

int ref[] = { 
14,
17,
21,
21,
27,
27,
29,
33,
47,
47,
47,
54,
61,
61,
64,
68,
70,
71,
71,
72,
73,
75,
77,
81,
83,
85,
87,
87,
90,
95,
97,
102,
109,
110,
117,
117,
118,
120,
122,
123,
126,
132,
134,
135,
136,
144,
147,
148,
148,
150,
154,
155,
155,
157,
162,
169,
170,
170,
177,
186,
188,
194,
195,
196,
201,
201,
205,
206,
214,
215,
221,
222,
224,
229,
230,
232,
232,
238,
242,
242,
244,
251,
253,
255,
258,
264,
266,
269,
273,
280,
281,
282,
283,
289,
291,
297,
313,
315,
316,
317,
330,
331,
331,
335,
340,
352,
359,
361,
362,
363,
363,
367,
369,
373,
382,
390,
398,
402,
404,
408,
418,
420,
424,
425,
429,
430,
431,
434,
440,
444,
448,
450,
453,
454,
462,
466,
470,
478,
480,
482,
488,
491,
491,
507,
510,
513,
514,
515,
518,
519,
520,
521,
537,
538,
540,
546,
547,
550,
551,
553,
555,
556,
556,
560,
562,
569,
575,
575,
591,
594,
603,
603,
603,
605,
607,
610,
610,
612,
612,
615,
618,
626,
630,
633,
636,
637,
638,
638,
638,
648,
651,
654,
658,
661,
663,
664,
670,
685,
689,
689,
692,
693,
694,
694,
697,
704,
706,
708,
723,
725,
731,
731,
734,
739,
741,
741,
742,
746,
746,
747,
752,
756,
756,
759,
762,
763,
765,
767,
773,
777,
780,
782,
783,
789,
794,
794,
794,
798,
801,
801,
805,
805,
812,
815,
816,
823,
825,
828,
835,
836,
836,
845,
847,
847,
848,
851,
853,
853,
854,
855,
870,
877,
881,
882,
899,
900,
900,
910,
913,
918,
922,
923,
925,
928,
928,
928,
929,
934,
934,
937,
938,
943,
945,
949,
951,
958,
963,
966,
966,
967,
969,
974,
975,
976,
977,
979,
983,
985,
987,
990,
991,
994,
995,
996,
997,
1004,
1010,
1015,
1017,
1017,
1018,
1024,
1024,
1026,
1028,
1036,
1038,
1039,
1041,
1042,
1042,
1048,
1049,
1060,
1069,
1070,
1075,
1081,
1081,
1084,
1087,
1092,
1093,
1095,
1098,
1098,
1100,
1104,
1112,
1118,
1119,
1122,
1129,
1129,
1135,
1137,
1138,
1140,
1144,
1148,
1148,
1149,
1150,
1154,
1158,
1161,
1162,
1163,
1167,
1171,
1194,
1195,
1196,
1205,
1213,
1218,
1223,
1224,
1224,
1224,
1229,
1230,
1245,
1247,
1248,
1250,
1252,
1253,
1254,
1262,
1262,
1265,
1268,
1269,
1270,
1271,
1281,
1288,
1290,
1291,
1291,
1294,
1299,
1300,
1303,
1307,
1308,
1308,
1309,
1320,
1327,
1343,
1350,
1350,
1351,
1358,
1358,
1360,
1360,
1361,
1372,
1372,
1377,
1379,
1384,
1385,
1393,
1395,
1403,
1403,
1403,
1409,
1410,
1410,
1414,
1417,
1418,
1430,
1430,
1436,
1447,
1459,
1459,
1459,
1460,
1470,
1476,
1481,
1492,
1493,
1494,
1498,
1502,
1503,
1504,
1514,
1517,
1517,
1523,
1532,
1537,
1546,
1547,
1548,
1549,
1555,
1561,
1568,
1576,
1578,
1578,
1579,
1580,
1584,
1587,
1589,
1594,
1596,
1599,
1599,
1603,
1612,
1614,
1616,
1618,
1619,
1620,
1621,
1622,
1623,
1628,
1631,
1642,
1643,
1644,
1653,
1659,
1671,
1675,
1677,
1679,
1681,
1689,
1691,
1709,
1711,
1714,
1717,
1718,
1720,
1723,
1727,
1729,
1742,
1745,
1747,
1749,
1750,
1752,
1755,
1762,
1767,
1767,
1767,
1769,
1770,
1771,
1772,
1774,
1776,
1778,
1786,
1789,
1793,
1793,
1795,
1800,
1802,
1803,
1804,
1807,
1812,
1814,
1831,
1832,
1837,
1840,
1844,
1846,
1848,
1849,
1851,
1853,
1854,
1859,
1865,
1865,
1867,
1871,
1873,
1877,
1878,
1878,
1881,
1884,
1885,
1898,
1900,
1902,
1906,
1907,
1908,
1908,
1912,
1919,
1920,
1922,
1922,
1930,
1931,
1934,
1936,
1936,
1938,
1939,
1946,
1951,
1953,
1954,
1955,
1959,
1964,
1964,
1965,
1967,
1967,
1972,
1975,
1980,
1983,
1989,
1995,
1998,
2001,
2002,
2002,
2004,
2005,
2010,
2010,
2014,
2022,
2028,
2029,
2035,
2036,
2042,
2043,
2049,
2050,
2051,
2054,
2057,
2057,
2069,
2071,
2075,
2075,
2076,
2078,
2081,
2081,
2086,
2087,
2090,
2092,
2097,
2099,
2101,
2102,
2102,
2103,
2112,
2120,
2126,
2133,
2135,
2144,
2146,
2153,
2155,
2160,
2163,
2168,
2172,
2176,
2177,
2179,
2179,
2182,
2196,
2198,
2199,
2202,
2208,
2208,
2211,
2214,
2217,
2220,
2221,
2222,
2229,
2229,
2231,
2234,
2234,
2237,
2239,
2243,
2243,
2246,
2250,
2253,
2259,
2260,
2261,
2262,
2262,
2263,
2264,
2267,
2270,
2279,
2279,
2282,
2282,
2282,
2291,
2294,
2294,
2297,
2301,
2303,
2306,
2306,
2311,
2312,
2318,
2318,
2323,
2324,
2326,
2327,
2335,
2337,
2340,
2341,
2342,
2347,
2349,
2350,
2351,
2352,
2360,
2365,
2366,
2367,
2368,
2371,
2372,
2381,
2391,
2401,
2407,
2416,
2416,
2416,
2417,
2419,
2420,
2423,
2424,
2426,
2429,
2431,
2434,
2439,
2440,
2442,
2444,
2445,
2446,
2451,
2451,
2452,
2467,
2467,
2468,
2471,
2473,
2477,
2480,
2490,
2490,
2497,
2498,
2505,
2505,
2510,
2512,
2521,
2521,
2523,
2524,
2535,
2537,
2540,
2544,
2544,
2547,
2548,
2550,
2552,
2553,
2560,
2563,
2563,
2563,
2569,
2576,
2576,
2587,
2589,
2598,
2598,
2601,
2602,
2602,
2604,
2606,
2608,
2614,
2614,
2614,
2618,
2621,
2622,
2631,
2635,
2637,
2637,
2637,
2637,
2642,
2644,
2649,
2661,
2663,
2663,
2666,
2667,
2671,
2675,
2678,
2686,
2687,
2691,
2694,
2695,
2696,
2699,
2700,
2701,
2701,
2713,
2714,
2716,
2716,
2717,
2718,
2721,
2723,
2724,
2725,
2728,
2731,
2733,
2734,
2741,
2742,
2746,
2755,
2756,
2770,
2771,
2773,
2773,
2776,
2778,
2781,
2785,
2791,
2792,
2794,
2798,
2803,
2805,
2806,
2808,
2815,
2816,
2822,
2825,
2827,
2835,
2835,
2837,
2852,
2853,
2857,
2859,
2864,
2866,
2869,
2874,
2875,
2881,
2885,
2886,
2896,
2899,
2907,
2910,
2911,
2912,
2914,
2923,
2928,
2929,
2936,
2944,
2947,
2949,
2952,
2956,
2973,
2973,
2977,
2980,
2983,
2992,
2992,
2993,
2999,
3003,
3007,
3007,
3009,
3020,
3022,
3032,
3036,
3036,
3039,
3052,
3055,
3059,
3062,
3066,
3069,
3076,
3076,
3077,
3078,
3080,
3083,
3085,
3089,
3090,
3093,
3099,
3101,
3104,
3105,
3108,
3113,
3113,
3116,
3118,
3122,
3123,
3130,
3134,
3134,
3138,
3142,
3147,
3156,
3159,
3160,
3162,
3171,
3175,
3180,
3182,
3185,
3194,
3195,
3201,
3202,
3205,
3208,
3209,
3218,
3220,
3222,
3226,
3229,
3230,
3230,
3238,
3243,
3244,
3247,
3248,
3249,
3253,
3260,
3262,
3263,
3264,
3270,
3273,
3281,
3290,
3290,
3290,
3292,
3296,
3296,
3299,
3303,
3307,
3307,
3314,
3314,
3324,
3326,
3326,
3326,
3329,
3332,
3333,
3342,
3351,
3354,
3355,
3360,
3362,
3364,
3366,
3368,
3370,
3370,
3371,
3378,
3379,
3380,
3383,
3387,
3390,
3397,
3398,
3399,
3400,
3402,
3408,
3411,
3411,
3418,
3421,
3426,
3438,
3440,
3442,
3447,
3460,
3461,
3464,
3470,
3470,
3471,
3478,
3484,
3492,
3496,
3496,
3499,
3503,
3508,
3510,
3511,
3515,
3515,
3516,
3518,
3521,
3529,
3530,
3530,
3531,
3532,
3532,
3533,
3539,
3540,
3548,
3551,
3552,
3552,
3554,
3557,
3559,
3564,
3564,
3564,
3570,
3571,
3576,
3576,
3576,
3579,
3579,
3581,
3585,
3587,
3587,
3589,
3598,
3609,
3610,
3624,
3626,
3629,
3633,
3634,
3635,
3636,
3648,
3650,
3651,
3653,
3657,
3659,
3661,
3666,
3670,
3671,
3675,
3676,
3677,
3680,
3683,
3692,
3693,
3694,
3696,
3699,
3701,
3701,
3703,
3707,
3708,
3709,
3714,
3716,
3727,
3729,
3731,
3735,
3738,
3747,
3752,
3753,
3761,
3761,
3763,
3766,
3768,
3771,
3772,
3780,
3781,
3781,
3787,
3789,
3790,
3792,
3798,
3798,
3799,
3802,
3812,
3814,
3816,
3819,
3822,
3828,
3830,
3837,
3844,
3847,
3850,
3852,
3861,
3861,
3867,
3878,
3878,
3879,
3879,
3884,
3886,
3886,
3888,
3891,
3893,
3893,
3901,
3902,
3908,
3908,
3916,
3917,
3918,
3919,
3920,
3923,
3926,
3926,
3928,
3928,
3935,
3935,
3938,
3938,
3940,
3951,
3953,
3955,
3961,
3961,
3966,
3975,
3984,
3986,
3986,
3987,
3993,
3996,
4003,
4003,
4006,
4009,
4013,
4016,
4022,
4027,
4030,
4031,
4033,
4035,
4043,
4043,
4043,
4045,
4048,
4048,
4050,
4054,
4054,
4055,
4065,
4065,
4066,
4073,
4080,
4085,
4087,
4098,
4100,
4101,
4106,
4114,
4114,
4118,
4119,
4119,
4120,
4121,
4132,
4133,
4141,
4141,
4142,
4146,
4152,
4154,
4155,
4160,
4168,
4173,
4173,
4176,
4176,
4182,
4193,
4198,
4209,
4214,
4215,
4215,
4216,
4219,
4225,
4231,
4231,
4236,
4237,
4242,
4244,
4244,
4245,
4245,
4255,
4256,
4260,
4261,
4267,
4270,
4272,
4284,
4289,
4291,
4292,
4294,
4295,
4301,
4311,
4320,
4324,
4326,
4327,
4336,
4337,
4339,
4339,
4340,
4341,
4348,
4349,
4351,
4353,
4354,
4356,
4356,
4361,
4366,
4371,
4374,
4376,
4376,
4382,
4382,
4386,
4389,
4401,
4403,
4409,
4424,
4424,
4425,
4427,
4428,
4428,
4429,
4430,
4439,
4443,
4443,
4445,
4446,
4452,
4458,
4459,
4459,
4466,
4467,
4468,
4470,
4471,
4474,
4474,
4475,
4479,
4486,
4488,
4491,
4493,
4496,
4497,
4498,
4505,
4509,
4509,
4509,
4511,
4513,
4517,
4519,
4521,
4527,
4528,
4528,
4531,
4531,
4531,
4534,
4535,
4536,
4543,
4550,
4554,
4557,
4568,
4572,
4576,
4577,
4578,
4587,
4588,
4600,
4606,
4616,
4625,
4629,
4638,
4642,
4642,
4646,
4651,
4653,
4655,
4656,
4658,
4665,
4670,
4671,
4674,
4674,
4675,
4686,
4686,
4692,
4694,
4697,
4706,
4719,
4724,
4728,
4730,
4740,
4743,
4746,
4748,
4748,
4751,
4757,
4758,
4759,
4766,
4767,
4771,
4777,
4780,
4782,
4784,
4784,
4785,
4787,
4787,
4790,
4804,
4805,
4807,
4812,
4813,
4816,
4820,
4822,
4833,
4837,
4839,
4840,
4840,
4840,
4845,
4848,
4850,
4853,
4855,
4860,
4866,
4872,
4873,
4875,
4878,
4879,
4882,
4890,
4894,
4899,
4901,
4906,
4906,
4911,
4918,
4920,
4921,
4922,
4922,
4925,
4927,
4927,
4927,
4928,
4934,
4935,
4935,
4936,
4937,
4937,
4945,
4948,
4949,
4950,
4954,
4955,
4955,
4959,
4966,
4966,
4969,
4977,
4981,
4981,
4986,
4991,
4993,
4994,
4998,
5002,
5003,
5010,
5010,
5019,
5020,
5027,
5032,
5033,
5038,
5039,
5040,
5043,
5046,
5050,
5059,
5063,
5067,
5071,
5071,
5074,
5076,
5077,
5084,
5087,
5087,
5089,
5089,
5090,
5096,
5096,
5099,
5103,
5109,
5112,
5115,
5116,
5118,
5127,
5138,
5148,
5152,
5152,
5165,
5167,
5167,
5170,
5176,
5176,
5178,
5181,
5183,
5184,
5185,
5187,
5188,
5191,
5198,
5204,
5205,
5208,
5212,
5213,
5214,
5222,
5222,
5224,
5231,
5235,
5240,
5242,
5244,
5252,
5254,
5257,
5257,
5262,
5263,
5268,
5268,
5272,
5275,
5278,
5284,
5285,
5290,
5293,
5294,
5294,
5299,
5308,
5310,
5311,
5314,
5318,
5318,
5321,
5322,
5332,
5334,
5336,
5336,
5338,
5345,
5345,
5350,
5351,
5352,
5354,
5355,
5358,
5364,
5368,
5373,
5374,
5384,
5385,
5385,
5386,
5386,
5391,
5392,
5398,
5401,
5403,
5406,
5406,
5410,
5410,
5411,
5414,
5416,
5425,
5425,
5427,
5435,
5439,
5442,
5442,
5451,
5452,
5455,
5456,
5459,
5460,
5462,
5463,
5463,
5466,
5466,
5476,
5479,
5482,
5485,
5488,
5489,
5491,
5495,
5497,
5498,
5502,
5503,
5505,
5505,
5506,
5515,
5518,
5521,
5524,
5524,
5526,
5528,
5534,
5536,
5539,
5539,
5540,
5546,
5550,
5555,
5560,
5562,
5562,
5565,
5569,
5577,
5581,
5591,
5593,
5598,
5601,
5604,
5605,
5606,
5607,
5607,
5610,
5618,
5619,
5623,
5636,
5637,
5640,
5641,
5642,
5646,
5649,
5652,
5652,
5664,
5665,
5675,
5679,
5681,
5693,
5695,
5698,
5700,
5701,
5703,
5704,
5720,
5723,
5723,
5723,
5734,
5738,
5745,
5748,
5753,
5758,
5762,
5767,
5767,
5768,
5770,
5775,
5780,
5781,
5789,
5796,
5803,
5821,
5825,
5827,
5845,
5850,
5852,
5854,
5856,
5856,
5859,
5863,
5870,
5875,
5875,
5875,
5883,
5887,
5892,
5894,
5896,
5896,
5900,
5900,
5901,
5901,
5903,
5904,
5908,
5909,
5912,
5914,
5915,
5919,
5921,
5922,
5924,
5924,
5925,
5932,
5939,
5942,
5950,
5956,
5962,
5962,
5964,
5966,
5967,
5969,
5974,
5975,
5977,
5980,
5982,
5987,
5987,
5988,
5988,
5989,
5992,
5993,
5993,
5999,
6004,
6008,
6011,
6012,
6020,
6020,
6031,
6036,
6039,
6042,
6049,
6061,
6067,
6070,
6072,
6076,
6078,
6080,
6081,
6081,
6081,
6087,
6087,
6088,
6092,
6093,
6094,
6111,
6114,
6114,
6115,
6118,
6118,
6121,
6125,
6129,
6142,
6148,
6154,
6161,
6161,
6168,
6170,
6174,
6175,
6178,
6178,
6185,
6191,
6192,
6192,
6197,
6197,
6199,
6205,
6207,
6207,
6214,
6223,
6225,
6227,
6228,
6235,
6237,
6244,
6247,
6256,
6259,
6260,
6261,
6265,
6268,
6269,
6283,
6299,
6302,
6304,
6310,
6310,
6325,
6328,
6333,
6339,
6340,
6343,
6344,
6347,
6354,
6355,
6357,
6358,
6364,
6375,
6376,
6378,
6379,
6388,
6390,
6394,
6397,
6402,
6402,
6404,
6406,
6408,
6410,
6412,
6416,
6417,
6418,
6419,
6427,
6435,
6437,
6440,
6446,
6446,
6447,
6449,
6451,
6455,
6459,
6461,
6463,
6469,
6469,
6469,
6472,
6478,
6481,
6482,
6484,
6484,
6485,
6489,
6491,
6493,
6493,
6494,
6496,
6497,
6502,
6511,
6516,
6531,
6537,
6540,
6543,
6551,
6559,
6560,
6562,
6563,
6565,
6567,
6569,
6571,
6582,
6593,
6598,
6600,
6600,
6601,
6602,
6603,
6603,
6604,
6608,
6611,
6616,
6617,
6619,
6629,
6631,
6632,
6642,
6646,
6651,
6659,
6660,
6660,
6663,
6663,
6665,
6665,
6665,
6671,
6673,
6676,
6676,
6687,
6692,
6693,
6695,
6696,
6697,
6706,
6707,
6714,
6714,
6716,
6726,
6741,
6753,
6753,
6753,
6754,
6756,
6757,
6760,
6761,
6762,
6763,
6765,
6766,
6767,
6771,
6773,
6775,
6776,
6778,
6782,
6788,
6789,
6791,
6791,
6791,
6792,
6796,
6797,
6800,
6803,
6811,
6816,
6817,
6819,
6829,
6829,
6831,
6843,
6847,
6850,
6852,
6860,
6862,
6863,
6867,
6871,
6880,
6881,
6884,
6903,
6909,
6914,
6919,
6919,
6922,
6923,
6924,
6926,
6928,
6929,
6932,
6934,
6937,
6946,
6947,
6950,
6955,
6960,
6963,
6967,
6972,
6973,
6975,
6978,
6979,
6979,
6982,
6987,
6987,
6988,
6989,
6990,
6991,
6992,
6993,
7001,
7008,
7012,
7014,
7018,
7022,
7024,
7024,
7033,
7036,
7039,
7046,
7050,
7053,
7058,
7063,
7066,
7078,
7080,
7082,
7090,
7092,
7098,
7100,
7115,
7127,
7132,
7135,
7137,
7139,
7139,
7142,
7147,
7147,
7148,
7157,
7158,
7162,
7170,
7179,
7180,
7183,
7186,
7186,
7188,
7196,
7201,
7204,
7204,
7205,
7207,
7212,
7212,
7214,
7222,
7225,
7237,
7240,
7255,
7258,
7260,
7262,
7266,
7269,
7269,
7273,
7276,
7278,
7281,
7282,
7286,
7297,
7297,
7301,
7305,
7307,
7316,
7319,
7324,
7324,
7328,
7336,
7344,
7344,
7346,
7352,
7353,
7360,
7362,
7366,
7366,
7371,
7372,
7378,
7385,
7387,
7388,
7396,
7397,
7398,
7399,
7399,
7400,
7403,
7414,
7419,
7423,
7429,
7429,
7433,
7437,
7441,
7443,
7453,
7454,
7455,
7456,
7457,
7467,
7473,
7473,
7473,
7474,
7479,
7480,
7482,
7483,
7488,
7492,
7494,
7495,
7497,
7502,
7503,
7508,
7518,
7519,
7521,
7522,
7523,
7527,
7528,
7528,
7532,
7533,
7535,
7537,
7538,
7540,
7542,
7543,
7546,
7547,
7550,
7555,
7556,
7562,
7564,
7567,
7568,
7568,
7569,
7570,
7577,
7580,
7582,
7583,
7583,
7583,
7588,
7592,
7593,
7606,
7607,
7608,
7612,
7619,
7621,
7622,
7625,
7626,
7628,
7634,
7634,
7635,
7635,
7640,
7649,
7658,
7659,
7661,
7672,
7672,
7672,
7675,
7678,
7683,
7689,
7690,
7690,
7691,
7698,
7700,
7701,
7702,
7708,
7713,
7714,
7720,
7726,
7726,
7730,
7740,
7743,
7743,
7748,
7754,
7761,
7765,
7770,
7771,
7772,
7783,
7784,
7785,
7786,
7792,
7793,
7799,
7800,
7800,
7802,
7805,
7810,
7817,
7819,
7820,
7826,
7837,
7837,
7838,
7839,
7844,
7847,
7851,
7854,
7855,
7856,
7856,
7859,
7860,
7860,
7863,
7863,
7864,
7865,
7868,
7874,
7874,
7877,
7885,
7887,
7889,
7894,
7897,
7899,
7899,
7905,
7908,
7911,
7912,
7916,
7918,
7920,
7926,
7926,
7940,
7950,
7950,
7951,
7952,
7953,
7958,
7971,
7972,
7974,
7977,
7980,
7981,
7985,
7985,
7985,
7986,
7990,
7991,
7991,
7991,
7998,
8001,
8009,
8010,
8011,
8014,
8015,
8015,
8017,
8021,
8036,
8037,
8044,
8044,
8047,
8049,
8050,
8055,
8058,
8068,
8069,
8080,
8082,
8085,
8087,
8097,
8098,
8098,
8101,
8102,
8105,
8112,
8115,
8120,
8120,
8127,
8129,
8138,
8140,
8141,
8145,
8146,
8150,
8156,
8159,
8162,
8167,
8172,
8179,
8179,
8181,
8183,
8191,
8196,
8196,
8201,
8207,
8207,
8208,
8209,
8219,
8220,
8227,
8232,
8234,
8236,
8239,
8240,
8242,
8244,
8245,
8260,
8263,
8265,
8268,
8273,
8278,
8279,
8281,
8283,
8283,
8290,
8294,
8297,
8297,
8301,
8302,
8305,
8306,
8307,
8311,
8312,
8315,
8318,
8319,
8320,
8330,
8333,
8340,
8341,
8352,
8352,
8353,
8362,
8363,
8370,
8370,
8375,
8381,
8383,
8383,
8384,
8386,
8387,
8390,
8393,
8394,
8397,
8399,
8400,
8402,
8404,
8406,
8413,
8413,
8418,
8418,
8419,
8422,
8422,
8422,
8423,
8431,
8432,
8442,
8445,
8445,
8446,
8449,
8452,
8458,
8464,
8465,
8468,
8472,
8485,
8489,
8496,
8501,
8501,
8503,
8505,
8508,
8508,
8515,
8517,
8520,
8522,
8523,
8524,
8524,
8524,
8533,
8536,
8537,
8538,
8539,
8540,
8541,
8544,
8546,
8546,
8547,
8551,
8553,
8559,
8562,
8563,
8568,
8574,
8576,
8576,
8578,
8579,
8579,
8582,
8586,
8593,
8593,
8601,
8603,
8605,
8605,
8606,
8607,
8615,
8615,
8624,
8638,
8641,
8642,
8646,
8656,
8656,
8659,
8659,
8663,
8665,
8665,
8665,
8668,
8672,
8673,
8674,
8678,
8684,
8686,
8693,
8696,
8699,
8700,
8700,
8702,
8702,
8702,
8717,
8719,
8723,
8731,
8735,
8738,
8740,
8740,
8746,
8749,
8758,
8761,
8762,
8763,
8770,
8773,
8775,
8775,
8778,
8779,
8779,
8783,
8785,
8787,
8801,
8810,
8812,
8816,
8817,
8818,
8821,
8822,
8823,
8824,
8825,
8827,
8835,
8835,
8840,
8848,
8852,
8880,
8880,
8882,
8882,
8883,
8883,
8889,
8890,
8892,
8894,
8900,
8905,
8909,
8919,
8921,
8923,
8925,
8932,
8937,
8938,
8940,
8944,
8944,
8948,
8954,
8962,
8962,
8966,
8966,
8970,
8971,
8975,
8979,
8982,
8983,
8983,
8985,
8987,
8990,
8992,
8993,
9006,
9010,
9013,
9013,
9017,
9026,
9027,
9043,
9044,
9059,
9060,
9066,
9069,
9076,
9076,
9076,
9079,
9083,
9084,
9087,
9087,
9096,
9096,
9108,
9120,
9124,
9134,
9135,
9135,
9147,
9151,
9153,
9156,
9158,
9160,
9175,
9189,
9189,
9191,
9193,
9195,
9200,
9204,
9212,
9213,
9218,
9218,
9219,
9228,
9229,
9230,
9232,
9240,
9241,
9243,
9247,
9254,
9254,
9255,
9256,
9258,
9264,
9266,
9270,
9270,
9277,
9286,
9293,
9293,
9295,
9306,
9308,
9308,
9313,
9321,
9325,
9326,
9329,
9330,
9331,
9331,
9340,
9344,
9345,
9346,
9349,
9350,
9351,
9353,
9357,
9360,
9364,
9375,
9376,
9380,
9380,
9381,
9384,
9385,
9386,
9394,
9395,
9396,
9402,
9407,
9413,
9417,
9418,
9422,
9427,
9429,
9439,
9439,
9440,
9443,
9448,
9448,
9462,
9462,
9466,
9469,
9474,
9474,
9477,
9484,
9484,
9487,
9495,
9496,
9496,
9500,
9500,
9500,
9503,
9506,
9511,
9513,
9519,
9523,
9524,
9525,
9528,
9529,
9530,
9532,
9541,
9545,
9545,
9548,
9549,
9559,
9560,
9560,
9561,
9561,
9561,
9561,
9566,
9566,
9567,
9571,
9573,
9579,
9591,
9592,
9597,
9598,
9605,
9608,
9614,
9620,
9622,
9625,
9628,
9630,
9634,
9634,
9635,
9638,
9647,
9652,
9652,
9652,
9655,
9655,
9657,
9661,
9662,
9672,
9673,
9674,
9675,
9677,
9679,
9683,
9683,
9686,
9695,
9697,
9702,
9704,
9714,
9714,
9715,
9719,
9720,
9728,
9732,
9732,
9732,
9736,
9743,
9745,
9748,
9751,
9756,
9757,
9759,
9761,
9771,
9776,
9777,
9779,
9783,
9783,
9786,
9790,
9790,
9796,
9808,
9809,
9812,
9815,
9816,
9816,
9819,
9828,
9830,
9832,
9835,
9836,
9840,
9844,
9850,
9859,
9862,
9873,
9883,
9884,
9891,
9891,
9900,
9903,
9904,
9905,
9911,
9914,
9915,
9919,
9923,
9924,
9927,
9928,
9930,
9932,
9933,
9936,
9938,
9939,
9940,
9940,
9941,
9941,
9942,
9948,
9952,
9953,
9954,
9956,
9957,
9959,
9964,
9964,
9964,
9967,
9970,
9977,
9984,
9984,
9987,
9991,
9993,
};