// Data set for large 1000 already sorted items.
 
int size = 1000;
 
int src[] = { 
25,
27,
78,
83,
84,
85,
91,
101,
120,
132,
150,
169,
177,
186,
196,
199,
200,
210,
215,
216,
219,
220,
230,
234,
244,
261,
263,
281,
302,
309,
322,
329,
344,
355,
380,
386,
391,
392,
392,
407,
414,
426,
426,
436,
437,
444,
459,
469,
505,
518,
538,
557,
621,
631,
641,
650,
659,
660,
682,
697,
699,
699,
700,
708,
730,
735,
735,
738,
742,
756,
758,
766,
780,
785,
787,
794,
813,
822,
827,
838,
847,
866,
872,
886,
888,
893,
913,
940,
940,
941,
963,
963,
966,
971,
982,
988,
995,
1002,
1025,
1042,
1044,
1045,
1082,
1098,
1123,
1134,
1137,
1141,
1143,
1145,
1147,
1153,
1154,
1157,
1157,
1162,
1187,
1189,
1208,
1208,
1228,
1234,
1274,
1286,
1289,
1299,
1317,
1341,
1347,
1350,
1350,
1363,
1384,
1409,
1433,
1439,
1443,
1444,
1456,
1463,
1475,
1479,
1486,
1513,
1515,
1523,
1526,
1536,
1541,
1555,
1566,
1573,
1575,
1595,
1613,
1638,
1641,
1661,
1666,
1670,
1672,
1679,
1682,
1697,
1706,
1714,
1726,
1745,
1774,
1787,
1810,
1815,
1819,
1826,
1827,
1831,
1831,
1833,
1850,
1863,
1880,
1883,
1891,
1892,
1909,
1936,
1940,
1947,
1949,
1964,
1971,
1981,
1982,
1990,
2007,
2012,
2025,
2030,
2057,
2062,
2065,
2066,
2068,
2110,
2122,
2131,
2144,
2149,
2153,
2162,
2164,
2178,
2187,
2206,
2207,
2217,
2230,
2231,
2237,
2255,
2302,
2323,
2336,
2339,
2350,
2355,
2364,
2385,
2392,
2404,
2410,
2412,
2459,
2459,
2467,
2471,
2472,
2476,
2500,
2506,
2508,
2514,
2523,
2525,
2525,
2526,
2534,
2552,
2556,
2557,
2559,
2562,
2562,
2566,
2576,
2581,
2586,
2601,
2601,
2601,
2627,
2646,
2660,
2660,
2668,
2704,
2724,
2727,
2729,
2730,
2741,
2755,
2756,
2766,
2804,
2805,
2811,
2813,
2843,
2856,
2863,
2871,
2878,
2880,
2905,
2905,
2907,
2910,
2912,
2913,
2916,
2921,
2928,
2960,
2960,
2962,
2981,
3003,
3012,
3014,
3042,
3086,
3089,
3102,
3113,
3120,
3129,
3129,
3141,
3148,
3148,
3165,
3169,
3171,
3175,
3194,
3196,
3213,
3226,
3233,
3250,
3256,
3262,
3274,
3280,
3287,
3300,
3344,
3349,
3350,
3371,
3371,
3378,
3389,
3415,
3415,
3416,
3426,
3460,
3462,
3487,
3505,
3517,
3531,
3531,
3534,
3549,
3560,
3568,
3573,
3581,
3584,
3588,
3599,
3603,
3606,
3656,
3661,
3671,
3676,
3677,
3678,
3693,
3699,
3732,
3734,
3736,
3738,
3742,
3750,
3782,
3784,
3804,
3804,
3833,
3835,
3842,
3843,
3856,
3860,
3873,
3880,
3900,
3901,
3901,
3905,
3911,
3921,
3927,
3954,
3955,
3959,
3981,
3987,
4007,
4018,
4029,
4042,
4056,
4066,
4095,
4100,
4108,
4114,
4116,
4128,
4131,
4133,
4144,
4157,
4158,
4167,
4169,
4178,
4183,
4186,
4191,
4191,
4218,
4236,
4253,
4257,
4261,
4263,
4283,
4287,
4289,
4293,
4319,
4338,
4371,
4385,
4395,
4411,
4419,
4421,
4439,
4439,
4444,
4451,
4457,
4468,
4473,
4485,
4485,
4486,
4488,
4505,
4527,
4530,
4532,
4533,
4538,
4554,
4564,
4567,
4567,
4591,
4593,
4599,
4603,
4619,
4642,
4643,
4688,
4693,
4702,
4735,
4735,
4736,
4740,
4744,
4749,
4753,
4756,
4773,
4775,
4779,
4788,
4788,
4788,
4812,
4816,
4833,
4849,
4853,
4864,
4869,
4878,
4883,
4892,
4894,
4894,
4909,
4912,
4928,
4930,
4939,
4951,
4952,
4961,
4962,
4976,
4997,
5003,
5009,
5010,
5011,
5029,
5032,
5041,
5045,
5066,
5067,
5085,
5121,
5136,
5136,
5179,
5180,
5204,
5204,
5204,
5209,
5223,
5227,
5240,
5249,
5250,
5251,
5256,
5264,
5275,
5278,
5282,
5290,
5310,
5324,
5326,
5335,
5374,
5382,
5389,
5397,
5411,
5420,
5431,
5452,
5466,
5470,
5476,
5495,
5501,
5505,
5508,
5509,
5513,
5527,
5540,
5548,
5548,
5556,
5586,
5593,
5606,
5628,
5643,
5649,
5661,
5670,
5672,
5677,
5684,
5689,
5703,
5704,
5708,
5719,
5720,
5722,
5727,
5729,
5766,
5766,
5767,
5771,
5779,
5794,
5845,
5864,
5876,
5880,
5887,
5893,
5897,
5924,
5933,
5935,
5943,
5955,
5957,
5961,
5967,
5986,
5993,
5995,
6009,
6014,
6019,
6028,
6028,
6029,
6040,
6047,
6079,
6082,
6097,
6108,
6108,
6127,
6127,
6157,
6165,
6189,
6193,
6195,
6212,
6218,
6218,
6222,
6226,
6228,
6237,
6251,
6258,
6271,
6278,
6280,
6297,
6307,
6311,
6318,
6332,
6336,
6362,
6362,
6375,
6388,
6390,
6396,
6400,
6419,
6426,
6432,
6437,
6442,
6454,
6474,
6478,
6489,
6494,
6508,
6518,
6533,
6534,
6546,
6587,
6607,
6622,
6626,
6644,
6650,
6657,
6659,
6677,
6727,
6731,
6732,
6740,
6745,
6756,
6776,
6783,
6820,
6824,
6842,
6844,
6850,
6853,
6853,
6858,
6867,
6872,
6888,
6897,
6911,
6911,
6912,
6913,
6931,
6932,
6950,
6952,
6956,
6964,
6976,
6980,
6980,
6988,
6989,
6995,
7010,
7022,
7035,
7059,
7078,
7083,
7083,
7092,
7097,
7102,
7122,
7125,
7135,
7138,
7138,
7151,
7159,
7182,
7185,
7199,
7213,
7220,
7239,
7247,
7264,
7278,
7288,
7308,
7325,
7327,
7333,
7346,
7360,
7361,
7363,
7364,
7367,
7377,
7384,
7393,
7412,
7438,
7443,
7463,
7473,
7488,
7499,
7499,
7509,
7518,
7579,
7593,
7602,
7612,
7630,
7660,
7666,
7672,
7673,
7687,
7690,
7690,
7700,
7713,
7780,
7780,
7789,
7801,
7813,
7817,
7818,
7823,
7827,
7830,
7833,
7835,
7839,
7845,
7862,
7865,
7872,
7873,
7877,
7886,
7889,
7893,
7901,
7907,
7920,
7925,
7928,
7934,
7937,
7952,
7985,
8007,
8025,
8026,
8026,
8026,
8030,
8044,
8050,
8086,
8087,
8094,
8100,
8107,
8117,
8118,
8121,
8141,
8142,
8146,
8207,
8216,
8235,
8248,
8274,
8278,
8294,
8294,
8318,
8319,
8319,
8321,
8329,
8351,
8354,
8362,
8388,
8408,
8424,
8431,
8437,
8447,
8456,
8466,
8468,
8472,
8474,
8477,
8497,
8500,
8512,
8521,
8522,
8531,
8549,
8558,
8560,
8571,
8600,
8603,
8609,
8617,
8623,
8636,
8639,
8667,
8670,
8683,
8686,
8695,
8710,
8719,
8733,
8733,
8753,
8779,
8791,
8816,
8827,
8831,
8835,
8842,
8843,
8854,
8861,
8873,
8889,
8895,
8904,
8911,
8914,
8931,
8958,
8959,
8989,
9001,
9015,
9018,
9035,
9044,
9057,
9061,
9067,
9076,
9094,
9116,
9124,
9161,
9174,
9183,
9198,
9212,
9223,
9226,
9235,
9248,
9252,
9252,
9259,
9281,
9284,
9285,
9292,
9297,
9315,
9321,
9338,
9341,
9347,
9359,
9372,
9378,
9390,
9444,
9451,
9486,
9490,
9498,
9500,
9506,
9508,
9519,
9524,
9536,
9544,
9551,
9554,
9555,
9555,
9568,
9568,
9579,
9587,
9605,
9607,
9611,
9611,
9612,
9631,
9636,
9645,
9657,
9659,
9662,
9665,
9682,
9703,
9706,
9710,
9721,
9725,
9726,
9726,
9739,
9739,
9740,
9741,
9762,
9768,
9777,
9785,
9812,
9839,
9846,
9848,
9860,
9864,
9886,
9910,
9911,
9929,
9959,
9959,
9964,
9992,
};

int ref[] = { 
25,
27,
78,
83,
84,
85,
91,
101,
120,
132,
150,
169,
177,
186,
196,
199,
200,
210,
215,
216,
219,
220,
230,
234,
244,
261,
263,
281,
302,
309,
322,
329,
344,
355,
380,
386,
391,
392,
392,
407,
414,
426,
426,
436,
437,
444,
459,
469,
505,
518,
538,
557,
621,
631,
641,
650,
659,
660,
682,
697,
699,
699,
700,
708,
730,
735,
735,
738,
742,
756,
758,
766,
780,
785,
787,
794,
813,
822,
827,
838,
847,
866,
872,
886,
888,
893,
913,
940,
940,
941,
963,
963,
966,
971,
982,
988,
995,
1002,
1025,
1042,
1044,
1045,
1082,
1098,
1123,
1134,
1137,
1141,
1143,
1145,
1147,
1153,
1154,
1157,
1157,
1162,
1187,
1189,
1208,
1208,
1228,
1234,
1274,
1286,
1289,
1299,
1317,
1341,
1347,
1350,
1350,
1363,
1384,
1409,
1433,
1439,
1443,
1444,
1456,
1463,
1475,
1479,
1486,
1513,
1515,
1523,
1526,
1536,
1541,
1555,
1566,
1573,
1575,
1595,
1613,
1638,
1641,
1661,
1666,
1670,
1672,
1679,
1682,
1697,
1706,
1714,
1726,
1745,
1774,
1787,
1810,
1815,
1819,
1826,
1827,
1831,
1831,
1833,
1850,
1863,
1880,
1883,
1891,
1892,
1909,
1936,
1940,
1947,
1949,
1964,
1971,
1981,
1982,
1990,
2007,
2012,
2025,
2030,
2057,
2062,
2065,
2066,
2068,
2110,
2122,
2131,
2144,
2149,
2153,
2162,
2164,
2178,
2187,
2206,
2207,
2217,
2230,
2231,
2237,
2255,
2302,
2323,
2336,
2339,
2350,
2355,
2364,
2385,
2392,
2404,
2410,
2412,
2459,
2459,
2467,
2471,
2472,
2476,
2500,
2506,
2508,
2514,
2523,
2525,
2525,
2526,
2534,
2552,
2556,
2557,
2559,
2562,
2562,
2566,
2576,
2581,
2586,
2601,
2601,
2601,
2627,
2646,
2660,
2660,
2668,
2704,
2724,
2727,
2729,
2730,
2741,
2755,
2756,
2766,
2804,
2805,
2811,
2813,
2843,
2856,
2863,
2871,
2878,
2880,
2905,
2905,
2907,
2910,
2912,
2913,
2916,
2921,
2928,
2960,
2960,
2962,
2981,
3003,
3012,
3014,
3042,
3086,
3089,
3102,
3113,
3120,
3129,
3129,
3141,
3148,
3148,
3165,
3169,
3171,
3175,
3194,
3196,
3213,
3226,
3233,
3250,
3256,
3262,
3274,
3280,
3287,
3300,
3344,
3349,
3350,
3371,
3371,
3378,
3389,
3415,
3415,
3416,
3426,
3460,
3462,
3487,
3505,
3517,
3531,
3531,
3534,
3549,
3560,
3568,
3573,
3581,
3584,
3588,
3599,
3603,
3606,
3656,
3661,
3671,
3676,
3677,
3678,
3693,
3699,
3732,
3734,
3736,
3738,
3742,
3750,
3782,
3784,
3804,
3804,
3833,
3835,
3842,
3843,
3856,
3860,
3873,
3880,
3900,
3901,
3901,
3905,
3911,
3921,
3927,
3954,
3955,
3959,
3981,
3987,
4007,
4018,
4029,
4042,
4056,
4066,
4095,
4100,
4108,
4114,
4116,
4128,
4131,
4133,
4144,
4157,
4158,
4167,
4169,
4178,
4183,
4186,
4191,
4191,
4218,
4236,
4253,
4257,
4261,
4263,
4283,
4287,
4289,
4293,
4319,
4338,
4371,
4385,
4395,
4411,
4419,
4421,
4439,
4439,
4444,
4451,
4457,
4468,
4473,
4485,
4485,
4486,
4488,
4505,
4527,
4530,
4532,
4533,
4538,
4554,
4564,
4567,
4567,
4591,
4593,
4599,
4603,
4619,
4642,
4643,
4688,
4693,
4702,
4735,
4735,
4736,
4740,
4744,
4749,
4753,
4756,
4773,
4775,
4779,
4788,
4788,
4788,
4812,
4816,
4833,
4849,
4853,
4864,
4869,
4878,
4883,
4892,
4894,
4894,
4909,
4912,
4928,
4930,
4939,
4951,
4952,
4961,
4962,
4976,
4997,
5003,
5009,
5010,
5011,
5029,
5032,
5041,
5045,
5066,
5067,
5085,
5121,
5136,
5136,
5179,
5180,
5204,
5204,
5204,
5209,
5223,
5227,
5240,
5249,
5250,
5251,
5256,
5264,
5275,
5278,
5282,
5290,
5310,
5324,
5326,
5335,
5374,
5382,
5389,
5397,
5411,
5420,
5431,
5452,
5466,
5470,
5476,
5495,
5501,
5505,
5508,
5509,
5513,
5527,
5540,
5548,
5548,
5556,
5586,
5593,
5606,
5628,
5643,
5649,
5661,
5670,
5672,
5677,
5684,
5689,
5703,
5704,
5708,
5719,
5720,
5722,
5727,
5729,
5766,
5766,
5767,
5771,
5779,
5794,
5845,
5864,
5876,
5880,
5887,
5893,
5897,
5924,
5933,
5935,
5943,
5955,
5957,
5961,
5967,
5986,
5993,
5995,
6009,
6014,
6019,
6028,
6028,
6029,
6040,
6047,
6079,
6082,
6097,
6108,
6108,
6127,
6127,
6157,
6165,
6189,
6193,
6195,
6212,
6218,
6218,
6222,
6226,
6228,
6237,
6251,
6258,
6271,
6278,
6280,
6297,
6307,
6311,
6318,
6332,
6336,
6362,
6362,
6375,
6388,
6390,
6396,
6400,
6419,
6426,
6432,
6437,
6442,
6454,
6474,
6478,
6489,
6494,
6508,
6518,
6533,
6534,
6546,
6587,
6607,
6622,
6626,
6644,
6650,
6657,
6659,
6677,
6727,
6731,
6732,
6740,
6745,
6756,
6776,
6783,
6820,
6824,
6842,
6844,
6850,
6853,
6853,
6858,
6867,
6872,
6888,
6897,
6911,
6911,
6912,
6913,
6931,
6932,
6950,
6952,
6956,
6964,
6976,
6980,
6980,
6988,
6989,
6995,
7010,
7022,
7035,
7059,
7078,
7083,
7083,
7092,
7097,
7102,
7122,
7125,
7135,
7138,
7138,
7151,
7159,
7182,
7185,
7199,
7213,
7220,
7239,
7247,
7264,
7278,
7288,
7308,
7325,
7327,
7333,
7346,
7360,
7361,
7363,
7364,
7367,
7377,
7384,
7393,
7412,
7438,
7443,
7463,
7473,
7488,
7499,
7499,
7509,
7518,
7579,
7593,
7602,
7612,
7630,
7660,
7666,
7672,
7673,
7687,
7690,
7690,
7700,
7713,
7780,
7780,
7789,
7801,
7813,
7817,
7818,
7823,
7827,
7830,
7833,
7835,
7839,
7845,
7862,
7865,
7872,
7873,
7877,
7886,
7889,
7893,
7901,
7907,
7920,
7925,
7928,
7934,
7937,
7952,
7985,
8007,
8025,
8026,
8026,
8026,
8030,
8044,
8050,
8086,
8087,
8094,
8100,
8107,
8117,
8118,
8121,
8141,
8142,
8146,
8207,
8216,
8235,
8248,
8274,
8278,
8294,
8294,
8318,
8319,
8319,
8321,
8329,
8351,
8354,
8362,
8388,
8408,
8424,
8431,
8437,
8447,
8456,
8466,
8468,
8472,
8474,
8477,
8497,
8500,
8512,
8521,
8522,
8531,
8549,
8558,
8560,
8571,
8600,
8603,
8609,
8617,
8623,
8636,
8639,
8667,
8670,
8683,
8686,
8695,
8710,
8719,
8733,
8733,
8753,
8779,
8791,
8816,
8827,
8831,
8835,
8842,
8843,
8854,
8861,
8873,
8889,
8895,
8904,
8911,
8914,
8931,
8958,
8959,
8989,
9001,
9015,
9018,
9035,
9044,
9057,
9061,
9067,
9076,
9094,
9116,
9124,
9161,
9174,
9183,
9198,
9212,
9223,
9226,
9235,
9248,
9252,
9252,
9259,
9281,
9284,
9285,
9292,
9297,
9315,
9321,
9338,
9341,
9347,
9359,
9372,
9378,
9390,
9444,
9451,
9486,
9490,
9498,
9500,
9506,
9508,
9519,
9524,
9536,
9544,
9551,
9554,
9555,
9555,
9568,
9568,
9579,
9587,
9605,
9607,
9611,
9611,
9612,
9631,
9636,
9645,
9657,
9659,
9662,
9665,
9682,
9703,
9706,
9710,
9721,
9725,
9726,
9726,
9739,
9739,
9740,
9741,
9762,
9768,
9777,
9785,
9812,
9839,
9846,
9848,
9860,
9864,
9886,
9910,
9911,
9929,
9959,
9959,
9964,
9992,
};