// Data set for 800 randomly sorted items.
 
int size = 800;
 
int src[] = { 
3228,
3052,
2994,
2082,
6341,
7008,
6076,
6781,
7114,
4178,
9769,
9059,
5436,
9324,
4145,
3690,
5613,
1943,
8064,
827,
5825,
8918,
6588,
7110,
8009,
9636,
395,
1484,
3134,
7333,
2807,
9825,
4062,
9567,
5144,
1411,
4404,
3873,
8370,
3717,
4107,
1920,
6103,
7007,
1167,
2239,
2827,
6469,
5064,
1979,
4706,
7983,
9807,
8418,
6443,
440,
382,
926,
4230,
5043,
4698,
3767,
7490,
6298,
3088,
4855,
4518,
6606,
8332,
8029,
155,
2379,
8128,
3571,
6186,
7122,
2866,
8610,
7026,
5215,
4594,
7206,
5328,
7164,
8390,
5623,
1216,
9124,
8305,
4479,
2940,
2733,
5530,
3459,
1785,
121,
2072,
1471,
2791,
2721,
1944,
5491,
9495,
6123,
5487,
6272,
2085,
3876,
1263,
6276,
9737,
7978,
8723,
4723,
9677,
6851,
7208,
7098,
5274,
3944,
8837,
9850,
8450,
2380,
4217,
3012,
1859,
5648,
4754,
2376,
2760,
1345,
8119,
2259,
1638,
3820,
4202,
5950,
6468,
5198,
2766,
9584,
8907,
3166,
4985,
9954,
4557,
5113,
6114,
8850,
6314,
815,
1005,
1112,
5386,
2037,
2135,
8110,
5144,
1893,
4991,
8672,
9979,
9779,
5900,
1631,
2978,
2431,
159,
3896,
9012,
8772,
5596,
9816,
6340,
8967,
2318,
5094,
4906,
4187,
1034,
3290,
3863,
4649,
4383,
2262,
7777,
8208,
3592,
6628,
254,
9166,
9555,
7646,
4231,
6197,
3749,
7687,
3817,
2186,
8834,
6467,
411,
1226,
6400,
3037,
2463,
3891,
5260,
9742,
5446,
8858,
7405,
3822,
820,
1845,
7516,
7151,
7782,
7359,
6837,
8808,
1404,
7199,
642,
5796,
557,
9624,
6651,
4039,
1052,
3715,
3868,
9872,
5350,
8842,
2375,
6036,
1553,
4504,
7386,
5872,
8261,
547,
2594,
2257,
8129,
6042,
451,
3964,
6554,
4195,
7588,
2239,
1732,
2812,
9463,
4100,
8485,
9982,
8994,
1947,
2423,
9339,
5611,
6504,
9745,
4074,
7511,
7808,
5018,
8048,
9281,
3245,
5946,
4822,
3836,
6606,
6665,
5466,
2996,
8146,
8515,
873,
7903,
5405,
7722,
5581,
8152,
1642,
5802,
3875,
2259,
3097,
4159,
673,
7856,
5208,
7712,
6498,
5581,
3370,
8517,
9327,
8041,
9191,
7646,
8962,
4758,
540,
2542,
9586,
3253,
5533,
9901,
2106,
6773,
2249,
5566,
6616,
755,
3853,
4283,
1285,
1699,
9887,
9670,
7825,
4637,
8645,
7497,
6513,
564,
9472,
7072,
5192,
8050,
2436,
4790,
3080,
6776,
8401,
1577,
1177,
7827,
2194,
8956,
1046,
8581,
6330,
815,
2089,
8235,
2886,
2658,
3798,
9355,
3054,
5794,
8935,
2421,
1848,
5518,
6681,
1453,
2165,
9246,
1549,
940,
7913,
5709,
8524,
9711,
301,
673,
2640,
2079,
7900,
5763,
3180,
1929,
4107,
9073,
6724,
266,
5918,
3514,
2904,
2841,
5279,
5502,
1292,
7996,
8570,
5198,
2849,
7655,
3851,
4938,
6656,
111,
1445,
8267,
9718,
7216,
657,
4464,
708,
2411,
5019,
1622,
8483,
826,
7005,
4016,
2732,
393,
7335,
8577,
4155,
2484,
9666,
8964,
1430,
6375,
6779,
1161,
1546,
4106,
2764,
5765,
443,
4176,
2200,
1092,
6457,
6491,
1871,
8194,
1541,
6952,
3450,
8331,
989,
3872,
4843,
199,
1380,
2774,
5808,
3009,
4257,
7327,
4148,
7552,
3515,
2526,
4299,
9113,
3944,
4487,
260,
2689,
3866,
4416,
6072,
9285,
3997,
5779,
7754,
8478,
6582,
609,
6990,
9552,
4442,
3456,
1914,
3873,
7865,
7625,
8024,
6753,
9117,
9616,
5200,
8279,
8027,
8262,
9270,
5153,
1563,
4429,
3591,
5729,
6671,
9705,
885,
1432,
6321,
9238,
6092,
6560,
6659,
4743,
3994,
6768,
20,
5752,
1688,
7927,
9777,
815,
4695,
3133,
7660,
262,
9498,
5982,
4267,
5270,
8359,
6935,
6195,
5843,
5561,
7940,
8359,
8458,
9619,
4249,
8353,
9099,
2574,
1688,
9915,
6414,
4903,
4387,
5500,
4220,
1916,
556,
7486,
8861,
5371,
7945,
1434,
5792,
4624,
7920,
3966,
144,
959,
9138,
1943,
8054,
5278,
4875,
1624,
9620,
9220,
6475,
8569,
6300,
7713,
5599,
3536,
1177,
8595,
2556,
1457,
3099,
7474,
5789,
1100,
2211,
8575,
1111,
2618,
9497,
6838,
8901,
1809,
2655,
4337,
4547,
3934,
1228,
4107,
7856,
5179,
7341,
9812,
3900,
4011,
7601,
2057,
3240,
7385,
8945,
2494,
1265,
884,
5949,
1336,
8036,
9594,
7073,
5102,
5416,
6708,
801,
6073,
6033,
2309,
7347,
5280,
2023,
3295,
1932,
6268,
4383,
5185,
1681,
1367,
6794,
6690,
6748,
3325,
6029,
888,
2680,
4291,
497,
1194,
5480,
8058,
6631,
9782,
6234,
905,
8401,
4845,
5525,
9413,
628,
4162,
7805,
1644,
7202,
8146,
7025,
8956,
5113,
9609,
329,
1966,
211,
5563,
4876,
1419,
8564,
910,
4252,
9113,
3968,
7346,
9340,
5150,
2349,
3051,
9090,
8661,
793,
4880,
8088,
5274,
233,
5438,
2202,
744,
8182,
3567,
2335,
9213,
448,
4092,
8016,
319,
7371,
1919,
4560,
7536,
5094,
1786,
2313,
3242,
2945,
4274,
8965,
5571,
3815,
147,
6056,
8220,
7551,
3166,
2442,
9230,
9731,
1299,
9711,
6501,
7171,
7262,
6742,
9382,
2796,
1967,
2155,
334,
3820,
4746,
4914,
6622,
1612,
3957,
7580,
4928,
3146,
2841,
4027,
9643,
2894,
8158,
7682,
3258,
36,
5542,
4478,
3094,
2781,
1891,
8499,
5576,
3148,
1047,
5638,
4064,
9541,
7481,
4289,
9014,
4791,
8501,
880,
3167,
127,
8898,
3622,
780,
5051,
3345,
3029,
4906,
9588,
3964,
4437,
4681,
6711,
2258,
2133,
6288,
5122,
4857,
6711,
528,
5697,
2391,
9691,
8363,
1738,
9925,
1215,
2787,
1250,
2960,
6346,
4152,
1317,
5896,
1679,
6283,
9171,
4110,
9309,
7567,
4,
9642,
};

int ref[] = { 
4,
20,
36,
111,
121,
127,
144,
147,
155,
159,
199,
211,
233,
254,
260,
262,
266,
301,
319,
329,
334,
382,
393,
395,
411,
440,
443,
448,
451,
497,
528,
540,
547,
556,
557,
564,
609,
628,
642,
657,
673,
673,
708,
744,
755,
780,
793,
801,
815,
815,
815,
820,
826,
827,
873,
880,
884,
885,
888,
905,
910,
926,
940,
959,
989,
1005,
1034,
1046,
1047,
1052,
1092,
1100,
1111,
1112,
1161,
1167,
1177,
1177,
1194,
1215,
1216,
1226,
1228,
1250,
1263,
1265,
1285,
1292,
1299,
1317,
1336,
1345,
1367,
1380,
1404,
1411,
1419,
1430,
1432,
1434,
1445,
1453,
1457,
1471,
1484,
1541,
1546,
1549,
1553,
1563,
1577,
1612,
1622,
1624,
1631,
1638,
1642,
1644,
1679,
1681,
1688,
1688,
1699,
1732,
1738,
1785,
1786,
1809,
1845,
1848,
1859,
1871,
1891,
1893,
1914,
1916,
1919,
1920,
1929,
1932,
1943,
1943,
1944,
1947,
1966,
1967,
1979,
2023,
2037,
2057,
2072,
2079,
2082,
2085,
2089,
2106,
2133,
2135,
2155,
2165,
2186,
2194,
2200,
2202,
2211,
2239,
2239,
2249,
2257,
2258,
2259,
2259,
2262,
2309,
2313,
2318,
2335,
2349,
2375,
2376,
2379,
2380,
2391,
2411,
2421,
2423,
2431,
2436,
2442,
2463,
2484,
2494,
2526,
2542,
2556,
2574,
2594,
2618,
2640,
2655,
2658,
2680,
2689,
2721,
2732,
2733,
2760,
2764,
2766,
2774,
2781,
2787,
2791,
2796,
2807,
2812,
2827,
2841,
2841,
2849,
2866,
2886,
2894,
2904,
2940,
2945,
2960,
2978,
2994,
2996,
3009,
3012,
3029,
3037,
3051,
3052,
3054,
3080,
3088,
3094,
3097,
3099,
3133,
3134,
3146,
3148,
3166,
3166,
3167,
3180,
3228,
3240,
3242,
3245,
3253,
3258,
3290,
3295,
3325,
3345,
3370,
3450,
3456,
3459,
3514,
3515,
3536,
3567,
3571,
3591,
3592,
3622,
3690,
3715,
3717,
3749,
3767,
3798,
3815,
3817,
3820,
3820,
3822,
3836,
3851,
3853,
3863,
3866,
3868,
3872,
3873,
3873,
3875,
3876,
3891,
3896,
3900,
3934,
3944,
3944,
3957,
3964,
3964,
3966,
3968,
3994,
3997,
4011,
4016,
4027,
4039,
4062,
4064,
4074,
4092,
4100,
4106,
4107,
4107,
4107,
4110,
4145,
4148,
4152,
4155,
4159,
4162,
4176,
4178,
4187,
4195,
4202,
4217,
4220,
4230,
4231,
4249,
4252,
4257,
4267,
4274,
4283,
4289,
4291,
4299,
4337,
4383,
4383,
4387,
4404,
4416,
4429,
4437,
4442,
4464,
4478,
4479,
4487,
4504,
4518,
4547,
4557,
4560,
4594,
4624,
4637,
4649,
4681,
4695,
4698,
4706,
4723,
4743,
4746,
4754,
4758,
4790,
4791,
4822,
4843,
4845,
4855,
4857,
4875,
4876,
4880,
4903,
4906,
4906,
4914,
4928,
4938,
4985,
4991,
5018,
5019,
5043,
5051,
5064,
5094,
5094,
5102,
5113,
5113,
5122,
5144,
5144,
5150,
5153,
5179,
5185,
5192,
5198,
5198,
5200,
5208,
5215,
5260,
5270,
5274,
5274,
5278,
5279,
5280,
5328,
5350,
5371,
5386,
5405,
5416,
5436,
5438,
5446,
5466,
5480,
5487,
5491,
5500,
5502,
5518,
5525,
5530,
5533,
5542,
5561,
5563,
5566,
5571,
5576,
5581,
5581,
5596,
5599,
5611,
5613,
5623,
5638,
5648,
5697,
5709,
5729,
5752,
5763,
5765,
5779,
5789,
5792,
5794,
5796,
5802,
5808,
5825,
5843,
5872,
5896,
5900,
5918,
5946,
5949,
5950,
5982,
6029,
6033,
6036,
6042,
6056,
6072,
6073,
6076,
6092,
6103,
6114,
6123,
6186,
6195,
6197,
6234,
6268,
6272,
6276,
6283,
6288,
6298,
6300,
6314,
6321,
6330,
6340,
6341,
6346,
6375,
6400,
6414,
6443,
6457,
6467,
6468,
6469,
6475,
6491,
6498,
6501,
6504,
6513,
6554,
6560,
6582,
6588,
6606,
6606,
6616,
6622,
6628,
6631,
6651,
6656,
6659,
6665,
6671,
6681,
6690,
6708,
6711,
6711,
6724,
6742,
6748,
6753,
6768,
6773,
6776,
6779,
6781,
6794,
6837,
6838,
6851,
6935,
6952,
6990,
7005,
7007,
7008,
7025,
7026,
7072,
7073,
7098,
7110,
7114,
7122,
7151,
7164,
7171,
7199,
7202,
7206,
7208,
7216,
7262,
7327,
7333,
7335,
7341,
7346,
7347,
7359,
7371,
7385,
7386,
7405,
7474,
7481,
7486,
7490,
7497,
7511,
7516,
7536,
7551,
7552,
7567,
7580,
7588,
7601,
7625,
7646,
7646,
7655,
7660,
7682,
7687,
7712,
7713,
7722,
7754,
7777,
7782,
7805,
7808,
7825,
7827,
7856,
7856,
7865,
7900,
7903,
7913,
7920,
7927,
7940,
7945,
7978,
7983,
7996,
8009,
8016,
8024,
8027,
8029,
8036,
8041,
8048,
8050,
8054,
8058,
8064,
8088,
8110,
8119,
8128,
8129,
8146,
8146,
8152,
8158,
8182,
8194,
8208,
8220,
8235,
8261,
8262,
8267,
8279,
8305,
8331,
8332,
8353,
8359,
8359,
8363,
8370,
8390,
8401,
8401,
8418,
8450,
8458,
8478,
8483,
8485,
8499,
8501,
8515,
8517,
8524,
8564,
8569,
8570,
8575,
8577,
8581,
8595,
8610,
8645,
8661,
8672,
8723,
8772,
8808,
8834,
8837,
8842,
8850,
8858,
8861,
8898,
8901,
8907,
8918,
8935,
8945,
8956,
8956,
8962,
8964,
8965,
8967,
8994,
9012,
9014,
9059,
9073,
9090,
9099,
9113,
9113,
9117,
9124,
9138,
9166,
9171,
9191,
9213,
9220,
9230,
9238,
9246,
9270,
9281,
9285,
9309,
9324,
9327,
9339,
9340,
9355,
9382,
9413,
9463,
9472,
9495,
9497,
9498,
9541,
9552,
9555,
9567,
9584,
9586,
9588,
9594,
9609,
9616,
9619,
9620,
9624,
9636,
9642,
9643,
9666,
9670,
9677,
9691,
9705,
9711,
9711,
9718,
9731,
9737,
9742,
9745,
9769,
9777,
9779,
9782,
9807,
9812,
9816,
9825,
9850,
9872,
9887,
9901,
9915,
9925,
9954,
9979,
9982,
};