// Data set for large 1000 randomly sorted items.
 
int size = 1000;
 
int src[] = { 
3312,
8533,
6800,
6970,
3780,
9955,
9561,
7064,
7026,
1152,
6546,
9481,
5012,
2409,
3322,
2149,
6984,
822,
1649,
4051,
3758,
3992,
6098,
1672,
5730,
2923,
4277,
6150,
1158,
3645,
2245,
8695,
2821,
6074,
675,
4927,
716,
4235,
429,
1382,
5722,
5511,
6630,
9638,
7531,
2221,
7368,
8559,
5271,
452,
6151,
9866,
3638,
7289,
2195,
9350,
8353,
3178,
6304,
581,
6238,
293,
9439,
5011,
9141,
6834,
3809,
5538,
1068,
8667,
9172,
5607,
3811,
517,
9928,
8715,
8993,
7230,
7581,
2858,
8720,
3950,
5571,
1709,
7126,
4783,
3484,
2245,
4741,
764,
3758,
9752,
4625,
2029,
2310,
7715,
8220,
3247,
7168,
5091,
5218,
1273,
9312,
7029,
706,
5755,
2039,
6054,
8171,
7859,
7843,
7665,
8606,
8681,
3687,
1239,
774,
947,
7279,
9730,
1060,
5809,
7330,
1397,
7436,
1302,
1984,
7887,
6103,
1538,
9841,
6611,
5148,
1180,
8372,
8287,
4340,
4413,
3076,
5140,
5860,
4212,
8761,
7681,
3609,
3008,
5871,
9278,
7197,
9166,
6230,
3539,
3876,
7508,
7513,
890,
5725,
592,
639,
7900,
438,
1318,
6015,
1161,
9300,
1383,
1517,
3027,
4319,
249,
1606,
5883,
6468,
8778,
6186,
1649,
6446,
9366,
8809,
1807,
9340,
6874,
1851,
4266,
4610,
1272,
1631,
3397,
5171,
156,
2913,
9945,
8437,
4033,
1395,
7471,
8528,
9625,
3494,
4523,
7811,
238,
3462,
7580,
2205,
4026,
4215,
6375,
2706,
2507,
1992,
1491,
294,
6890,
4169,
8381,
8154,
2666,
5586,
9247,
8413,
4799,
8460,
3076,
4986,
8548,
4556,
3992,
9399,
8841,
6692,
3565,
9732,
9819,
8522,
1231,
6961,
8341,
7964,
2768,
2307,
3366,
8292,
6442,
8430,
1630,
2856,
5151,
1810,
7524,
5652,
7436,
5525,
5952,
4971,
4008,
7654,
9080,
4375,
2751,
3707,
9162,
7913,
1454,
8130,
8806,
5749,
6086,
1668,
2324,
1405,
6215,
4539,
5298,
2399,
5997,
5110,
3875,
9651,
6490,
17,
2094,
6802,
7483,
1194,
5932,
3021,
2251,
5007,
2209,
956,
4147,
3725,
757,
6283,
2695,
8552,
8448,
7610,
2306,
3820,
3766,
3460,
7897,
8959,
6055,
1358,
5459,
8691,
9614,
7682,
4444,
8528,
4078,
9097,
432,
6221,
9533,
3546,
3943,
2010,
2263,
7419,
70,
7700,
8281,
8175,
6444,
5832,
4528,
9564,
8524,
9876,
1053,
8839,
653,
8122,
4947,
5574,
8153,
1066,
2138,
2525,
9040,
1587,
2296,
7240,
9079,
6606,
4915,
7180,
5829,
6846,
9,
8201,
7929,
694,
4326,
785,
1831,
6196,
2982,
2074,
7416,
2845,
4043,
4119,
7284,
1839,
962,
7509,
371,
2252,
5489,
867,
9012,
5521,
6460,
4597,
7682,
5858,
2050,
9436,
6444,
9725,
284,
267,
3675,
2775,
4272,
4360,
6620,
9621,
825,
4393,
6389,
4854,
8647,
9980,
9745,
6614,
8526,
4041,
1031,
7177,
9283,
7354,
9024,
6058,
9545,
470,
868,
2692,
1382,
7028,
329,
2352,
2308,
2959,
3787,
8962,
525,
2551,
9870,
7902,
2304,
455,
8893,
7592,
5793,
7906,
6852,
1753,
1322,
3357,
9233,
8194,
4884,
762,
543,
5034,
3990,
5114,
4455,
5819,
574,
6687,
3971,
4355,
5609,
4073,
535,
7584,
1118,
7266,
1715,
926,
577,
8868,
9431,
3045,
9323,
7466,
7905,
3344,
3555,
5268,
3298,
5696,
5604,
7031,
5494,
1609,
8813,
4307,
9488,
5377,
1565,
8920,
5055,
3218,
6341,
2382,
2290,
3712,
5554,
6940,
6634,
8140,
8256,
9728,
263,
3370,
6894,
5352,
7418,
4455,
6007,
6872,
1751,
6042,
2052,
1399,
1414,
585,
3992,
2766,
4270,
5837,
8720,
9017,
8818,
4741,
9703,
7066,
397,
7042,
7800,
8411,
8625,
2896,
231,
6297,
2526,
6585,
8231,
9185,
9113,
3064,
848,
7887,
6083,
8395,
33,
6208,
7898,
6340,
539,
7635,
2313,
3596,
3828,
9427,
809,
7545,
7246,
2927,
116,
7216,
7616,
5678,
9735,
9778,
9649,
3025,
4829,
8621,
8310,
9744,
9113,
1746,
1978,
7111,
1988,
2077,
2891,
3174,
1203,
2339,
785,
8407,
7708,
6571,
1226,
9299,
72,
9579,
9733,
3,
237,
9452,
8019,
8591,
3989,
271,
8643,
4171,
5370,
1249,
8891,
528,
1737,
315,
6848,
9631,
3228,
1083,
2435,
7293,
3220,
3712,
1110,
4560,
2797,
3682,
8508,
8035,
8037,
5767,
5989,
1044,
8424,
316,
7879,
7725,
3443,
1933,
5983,
83,
3220,
4107,
668,
9658,
8228,
7637,
7104,
4137,
5744,
6974,
3868,
5373,
8156,
3792,
3651,
9814,
8349,
2152,
4399,
8534,
8053,
8985,
2808,
6051,
9022,
6706,
9270,
3544,
6032,
7147,
7444,
5897,
388,
7744,
2631,
5257,
6965,
2086,
3149,
8691,
6642,
3949,
5977,
1026,
2813,
6873,
4478,
7081,
823,
6435,
696,
7296,
8428,
4927,
1137,
5408,
6936,
1372,
4939,
3954,
2811,
104,
3646,
1323,
2279,
4908,
3163,
9186,
2105,
2341,
9708,
6019,
4483,
7507,
2152,
7668,
948,
8847,
3460,
5904,
7355,
9608,
3430,
2858,
712,
8591,
5872,
7985,
5607,
5351,
5149,
9850,
6085,
4639,
637,
9109,
1871,
6880,
7746,
8984,
23,
9392,
2519,
4697,
1586,
7519,
9084,
1295,
5596,
3881,
4234,
7211,
1003,
8693,
5203,
8967,
7192,
595,
3780,
5603,
633,
1375,
5632,
1155,
5057,
9058,
1543,
9749,
6488,
9973,
2705,
8902,
441,
7688,
652,
4692,
1989,
6822,
2834,
66,
5568,
6883,
1353,
5137,
1708,
4777,
8984,
8718,
4750,
7023,
9171,
675,
8113,
8242,
8609,
4896,
6963,
2582,
3482,
3605,
6483,
4631,
3627,
9691,
1719,
9863,
4211,
9777,
2057,
8971,
5618,
6672,
4981,
5089,
2693,
7443,
391,
7428,
6542,
5332,
405,
9093,
7509,
577,
9824,
9009,
4689,
4887,
8090,
8162,
1910,
1333,
1670,
2543,
8050,
6436,
1087,
8109,
3591,
5800,
1319,
1594,
9532,
2329,
3035,
8368,
5626,
4924,
7342,
7369,
7293,
7293,
9400,
1032,
5544,
1509,
967,
5341,
6656,
877,
3410,
2879,
8755,
1323,
2313,
8367,
5229,
5617,
6422,
7190,
5603,
3034,
9359,
4879,
1037,
5761,
7541,
7175,
25,
8095,
8507,
679,
8970,
8928,
5443,
8730,
206,
1541,
1540,
9592,
9508,
1321,
9892,
3588,
4374,
41,
5582,
9621,
883,
6339,
6332,
612,
7298,
7587,
6321,
219,
4328,
9051,
6552,
6930,
8296,
452,
2094,
6267,
5126,
5561,
2678,
81,
747,
5183,
8575,
1932,
9352,
2588,
3207,
9361,
9847,
4737,
5872,
1102,
8239,
5118,
8763,
234,
1179,
9678,
4788,
6073,
6312,
351,
8847,
2004,
4659,
2181,
5323,
6858,
804,
8274,
7339,
86,
4582,
7304,
4213,
181,
5298,
3087,
9356,
9738,
8560,
3330,
5607,
1941,
3636,
7466,
5017,
7713,
8583,
690,
604,
8872,
3278,
6336,
1818,
9818,
5381,
8547,
4841,
3107,
9598,
9997,
7219,
8041,
7552,
880,
4932,
3513,
9066,
6250,
387,
7589,
5761,
7495,
8925,
3,
5027,
9126,
8113,
164,
6683,
7764,
7681,
7844,
6052,
3264,
5292,
2131,
5575,
2041,
6456,
6424,
1794,
9002,
391,
9879,
9630,
2611,
2055,
3178,
7394,
5818,
8830,
};

int ref[] = { 
3,
3,
9,
17,
23,
25,
33,
41,
66,
70,
72,
81,
83,
86,
104,
116,
156,
164,
181,
206,
219,
231,
234,
237,
238,
249,
263,
267,
271,
284,
293,
294,
315,
316,
329,
351,
371,
387,
388,
391,
391,
397,
405,
429,
432,
438,
441,
452,
452,
455,
470,
517,
525,
528,
535,
539,
543,
574,
577,
577,
581,
585,
592,
595,
604,
612,
633,
637,
639,
652,
653,
668,
675,
675,
679,
690,
694,
696,
706,
712,
716,
747,
757,
762,
764,
774,
785,
785,
804,
809,
822,
823,
825,
848,
867,
868,
877,
880,
883,
890,
926,
947,
948,
956,
962,
967,
1003,
1026,
1031,
1032,
1037,
1044,
1053,
1060,
1066,
1068,
1083,
1087,
1102,
1110,
1118,
1137,
1152,
1155,
1158,
1161,
1179,
1180,
1194,
1203,
1226,
1231,
1239,
1249,
1272,
1273,
1295,
1302,
1318,
1319,
1321,
1322,
1323,
1323,
1333,
1353,
1358,
1372,
1375,
1382,
1382,
1383,
1395,
1397,
1399,
1405,
1414,
1454,
1491,
1509,
1517,
1538,
1540,
1541,
1543,
1565,
1586,
1587,
1594,
1606,
1609,
1630,
1631,
1649,
1649,
1668,
1670,
1672,
1708,
1709,
1715,
1719,
1737,
1746,
1751,
1753,
1794,
1807,
1810,
1818,
1831,
1839,
1851,
1871,
1910,
1932,
1933,
1941,
1978,
1984,
1988,
1989,
1992,
2004,
2010,
2029,
2039,
2041,
2050,
2052,
2055,
2057,
2074,
2077,
2086,
2094,
2094,
2105,
2131,
2138,
2149,
2152,
2152,
2181,
2195,
2205,
2209,
2221,
2245,
2245,
2251,
2252,
2263,
2279,
2290,
2296,
2304,
2306,
2307,
2308,
2310,
2313,
2313,
2324,
2329,
2339,
2341,
2352,
2382,
2399,
2409,
2435,
2507,
2519,
2525,
2526,
2543,
2551,
2582,
2588,
2611,
2631,
2666,
2678,
2692,
2693,
2695,
2705,
2706,
2751,
2766,
2768,
2775,
2797,
2808,
2811,
2813,
2821,
2834,
2845,
2856,
2858,
2858,
2879,
2891,
2896,
2913,
2923,
2927,
2959,
2982,
3008,
3021,
3025,
3027,
3034,
3035,
3045,
3064,
3076,
3076,
3087,
3107,
3149,
3163,
3174,
3178,
3178,
3207,
3218,
3220,
3220,
3228,
3247,
3264,
3278,
3298,
3312,
3322,
3330,
3344,
3357,
3366,
3370,
3397,
3410,
3430,
3443,
3460,
3460,
3462,
3482,
3484,
3494,
3513,
3539,
3544,
3546,
3555,
3565,
3588,
3591,
3596,
3605,
3609,
3627,
3636,
3638,
3645,
3646,
3651,
3675,
3682,
3687,
3707,
3712,
3712,
3725,
3758,
3758,
3766,
3780,
3780,
3787,
3792,
3809,
3811,
3820,
3828,
3868,
3875,
3876,
3881,
3943,
3949,
3950,
3954,
3971,
3989,
3990,
3992,
3992,
3992,
4008,
4026,
4033,
4041,
4043,
4051,
4073,
4078,
4107,
4119,
4137,
4147,
4169,
4171,
4211,
4212,
4213,
4215,
4234,
4235,
4266,
4270,
4272,
4277,
4307,
4319,
4326,
4328,
4340,
4355,
4360,
4374,
4375,
4393,
4399,
4413,
4444,
4455,
4455,
4478,
4483,
4523,
4528,
4539,
4556,
4560,
4582,
4597,
4610,
4625,
4631,
4639,
4659,
4689,
4692,
4697,
4737,
4741,
4741,
4750,
4777,
4783,
4788,
4799,
4829,
4841,
4854,
4879,
4884,
4887,
4896,
4908,
4915,
4924,
4927,
4927,
4932,
4939,
4947,
4971,
4981,
4986,
5007,
5011,
5012,
5017,
5027,
5034,
5055,
5057,
5089,
5091,
5110,
5114,
5118,
5126,
5137,
5140,
5148,
5149,
5151,
5171,
5183,
5203,
5218,
5229,
5257,
5268,
5271,
5292,
5298,
5298,
5323,
5332,
5341,
5351,
5352,
5370,
5373,
5377,
5381,
5408,
5443,
5459,
5489,
5494,
5511,
5521,
5525,
5538,
5544,
5554,
5561,
5568,
5571,
5574,
5575,
5582,
5586,
5596,
5603,
5603,
5604,
5607,
5607,
5607,
5609,
5617,
5618,
5626,
5632,
5652,
5678,
5696,
5722,
5725,
5730,
5744,
5749,
5755,
5761,
5761,
5767,
5793,
5800,
5809,
5818,
5819,
5829,
5832,
5837,
5858,
5860,
5871,
5872,
5872,
5883,
5897,
5904,
5932,
5952,
5977,
5983,
5989,
5997,
6007,
6015,
6019,
6032,
6042,
6051,
6052,
6054,
6055,
6058,
6073,
6074,
6083,
6085,
6086,
6098,
6103,
6150,
6151,
6186,
6196,
6208,
6215,
6221,
6230,
6238,
6250,
6267,
6283,
6297,
6304,
6312,
6321,
6332,
6336,
6339,
6340,
6341,
6375,
6389,
6422,
6424,
6435,
6436,
6442,
6444,
6444,
6446,
6456,
6460,
6468,
6483,
6488,
6490,
6542,
6546,
6552,
6571,
6585,
6606,
6611,
6614,
6620,
6630,
6634,
6642,
6656,
6672,
6683,
6687,
6692,
6706,
6800,
6802,
6822,
6834,
6846,
6848,
6852,
6858,
6872,
6873,
6874,
6880,
6883,
6890,
6894,
6930,
6936,
6940,
6961,
6963,
6965,
6970,
6974,
6984,
7023,
7026,
7028,
7029,
7031,
7042,
7064,
7066,
7081,
7104,
7111,
7126,
7147,
7168,
7175,
7177,
7180,
7190,
7192,
7197,
7211,
7216,
7219,
7230,
7240,
7246,
7266,
7279,
7284,
7289,
7293,
7293,
7293,
7296,
7298,
7304,
7330,
7339,
7342,
7354,
7355,
7368,
7369,
7394,
7416,
7418,
7419,
7428,
7436,
7436,
7443,
7444,
7466,
7466,
7471,
7483,
7495,
7507,
7508,
7509,
7509,
7513,
7519,
7524,
7531,
7541,
7545,
7552,
7580,
7581,
7584,
7587,
7589,
7592,
7610,
7616,
7635,
7637,
7654,
7665,
7668,
7681,
7681,
7682,
7682,
7688,
7700,
7708,
7713,
7715,
7725,
7744,
7746,
7764,
7800,
7811,
7843,
7844,
7859,
7879,
7887,
7887,
7897,
7898,
7900,
7902,
7905,
7906,
7913,
7929,
7964,
7985,
8019,
8035,
8037,
8041,
8050,
8053,
8090,
8095,
8109,
8113,
8113,
8122,
8130,
8140,
8153,
8154,
8156,
8162,
8171,
8175,
8194,
8201,
8220,
8228,
8231,
8239,
8242,
8256,
8274,
8281,
8287,
8292,
8296,
8310,
8341,
8349,
8353,
8367,
8368,
8372,
8381,
8395,
8407,
8411,
8413,
8424,
8428,
8430,
8437,
8448,
8460,
8507,
8508,
8522,
8524,
8526,
8528,
8528,
8533,
8534,
8547,
8548,
8552,
8559,
8560,
8575,
8583,
8591,
8591,
8606,
8609,
8621,
8625,
8643,
8647,
8667,
8681,
8691,
8691,
8693,
8695,
8715,
8718,
8720,
8720,
8730,
8755,
8761,
8763,
8778,
8806,
8809,
8813,
8818,
8830,
8839,
8841,
8847,
8847,
8868,
8872,
8891,
8893,
8902,
8920,
8925,
8928,
8959,
8962,
8967,
8970,
8971,
8984,
8984,
8985,
8993,
9002,
9009,
9012,
9017,
9022,
9024,
9040,
9051,
9058,
9066,
9079,
9080,
9084,
9093,
9097,
9109,
9113,
9113,
9126,
9141,
9162,
9166,
9171,
9172,
9185,
9186,
9233,
9247,
9270,
9278,
9283,
9299,
9300,
9312,
9323,
9340,
9350,
9352,
9356,
9359,
9361,
9366,
9392,
9399,
9400,
9427,
9431,
9436,
9439,
9452,
9481,
9488,
9508,
9532,
9533,
9545,
9561,
9564,
9579,
9592,
9598,
9608,
9614,
9621,
9621,
9625,
9630,
9631,
9638,
9649,
9651,
9658,
9678,
9691,
9703,
9708,
9725,
9728,
9730,
9732,
9733,
9735,
9738,
9744,
9745,
9749,
9752,
9777,
9778,
9814,
9818,
9819,
9824,
9841,
9847,
9850,
9863,
9866,
9870,
9876,
9879,
9892,
9928,
9945,
9955,
9973,
9980,
9997,
};