// Data set for 400 randomly sorted items.
 
int size = 400;
 
int src[] = { 
6467,
3280,
8445,
8042,
6035,
6842,
7849,
6180,
529,
6733,
8946,
6841,
104,
7057,
1613,
5679,
3209,
5467,
3990,
9820,
8408,
219,
6909,
330,
4815,
3392,
4504,
8786,
8862,
5017,
343,
2388,
7602,
4530,
1310,
4593,
5673,
1526,
8409,
7087,
3227,
8455,
5068,
8815,
7707,
4228,
3658,
5959,
9680,
532,
5869,
1795,
1299,
5990,
9127,
1525,
9457,
7998,
6867,
9630,
8205,
915,
4944,
5990,
8807,
2564,
9980,
5294,
4131,
3251,
7883,
1578,
2134,
1952,
7093,
3484,
6841,
1275,
4146,
552,
7460,
5070,
1763,
8367,
4672,
3132,
7203,
9477,
6046,
5545,
8387,
1029,
5634,
2931,
6201,
3458,
6447,
3700,
3465,
5604,
9946,
7179,
2827,
7502,
7334,
5197,
9509,
135,
9951,
8931,
8549,
9731,
7718,
7473,
7418,
3958,
4400,
2183,
8205,
5075,
9127,
7048,
3750,
3548,
8141,
2470,
7938,
7173,
1557,
8274,
7864,
9612,
8004,
9473,
292,
9358,
3228,
7785,
2503,
2389,
6224,
6958,
2570,
933,
5357,
5025,
1682,
6332,
1579,
163,
7499,
1389,
4387,
8833,
7695,
5228,
1921,
9984,
7067,
7245,
1700,
8320,
3834,
3422,
5480,
7539,
3285,
9427,
5818,
9425,
2476,
6959,
1921,
6714,
4742,
1511,
186,
6021,
640,
1401,
3769,
6527,
6458,
1946,
4297,
3658,
2223,
606,
1663,
8242,
1536,
6903,
1702,
6529,
6329,
4229,
6474,
2643,
7693,
5746,
7990,
93,
5884,
6218,
9460,
443,
6252,
4578,
2262,
9218,
4935,
641,
2981,
8086,
4496,
9422,
1076,
8736,
7372,
7521,
6386,
8508,
2410,
6106,
8473,
9141,
7145,
2241,
2313,
9631,
4726,
1504,
3718,
8955,
2641,
4314,
5699,
4629,
6485,
4809,
6845,
7903,
240,
5527,
3108,
6756,
7308,
6457,
4866,
9357,
4942,
8955,
6228,
8178,
365,
487,
5484,
7971,
3723,
8329,
3035,
1678,
247,
9133,
4977,
6442,
2353,
8398,
8669,
4919,
1412,
8732,
2600,
8854,
1589,
5072,
1655,
6254,
9567,
5215,
1334,
6145,
4840,
8094,
6952,
7835,
1168,
8507,
6571,
4731,
2342,
1220,
7299,
1840,
3764,
5471,
7962,
563,
923,
7316,
4914,
1012,
6805,
5035,
6857,
7380,
7662,
9870,
4268,
2790,
8954,
8142,
3542,
1332,
5484,
2552,
1989,
8918,
3108,
1568,
4596,
6319,
873,
1766,
3403,
9472,
8003,
5603,
3093,
6688,
3575,
5943,
2549,
7038,
4674,
1842,
3526,
7298,
2396,
4024,
1578,
4475,
6243,
5307,
2214,
3430,
4284,
7390,
210,
8402,
3944,
5019,
8431,
1727,
2417,
9386,
9957,
6983,
9775,
4832,
4367,
7985,
5542,
9606,
1205,
4578,
1491,
2184,
1662,
3112,
5588,
2532,
8706,
2320,
4595,
8787,
2406,
8756,
7364,
6283,
6788,
5556,
2506,
9938,
784,
5776,
4504,
6327,
4052,
2236,
7913,
3715,
2382,
5304,
2864,
8342,
5310,
2189,
3654,
3967,
};

int ref[] = { 
93,
104,
135,
163,
186,
210,
219,
240,
247,
292,
330,
343,
365,
443,
487,
529,
532,
552,
563,
606,
640,
641,
784,
873,
915,
923,
933,
1012,
1029,
1076,
1168,
1205,
1220,
1275,
1299,
1310,
1332,
1334,
1389,
1401,
1412,
1491,
1504,
1511,
1525,
1526,
1536,
1557,
1568,
1578,
1578,
1579,
1589,
1613,
1655,
1662,
1663,
1678,
1682,
1700,
1702,
1727,
1763,
1766,
1795,
1840,
1842,
1921,
1921,
1946,
1952,
1989,
2134,
2183,
2184,
2189,
2214,
2223,
2236,
2241,
2262,
2313,
2320,
2342,
2353,
2382,
2388,
2389,
2396,
2406,
2410,
2417,
2470,
2476,
2503,
2506,
2532,
2549,
2552,
2564,
2570,
2600,
2641,
2643,
2790,
2827,
2864,
2931,
2981,
3035,
3093,
3108,
3108,
3112,
3132,
3209,
3227,
3228,
3251,
3280,
3285,
3392,
3403,
3422,
3430,
3458,
3465,
3484,
3526,
3542,
3548,
3575,
3654,
3658,
3658,
3700,
3715,
3718,
3723,
3750,
3764,
3769,
3834,
3944,
3958,
3967,
3990,
4024,
4052,
4131,
4146,
4228,
4229,
4268,
4284,
4297,
4314,
4367,
4387,
4400,
4475,
4496,
4504,
4504,
4530,
4578,
4578,
4593,
4595,
4596,
4629,
4672,
4674,
4726,
4731,
4742,
4809,
4815,
4832,
4840,
4866,
4914,
4919,
4935,
4942,
4944,
4977,
5017,
5019,
5025,
5035,
5068,
5070,
5072,
5075,
5197,
5215,
5228,
5294,
5304,
5307,
5310,
5357,
5467,
5471,
5480,
5484,
5484,
5527,
5542,
5545,
5556,
5588,
5603,
5604,
5634,
5673,
5679,
5699,
5746,
5776,
5818,
5869,
5884,
5943,
5959,
5990,
5990,
6021,
6035,
6046,
6106,
6145,
6180,
6201,
6218,
6224,
6228,
6243,
6252,
6254,
6283,
6319,
6327,
6329,
6332,
6386,
6442,
6447,
6457,
6458,
6467,
6474,
6485,
6527,
6529,
6571,
6688,
6714,
6733,
6756,
6788,
6805,
6841,
6841,
6842,
6845,
6857,
6867,
6903,
6909,
6952,
6958,
6959,
6983,
7038,
7048,
7057,
7067,
7087,
7093,
7145,
7173,
7179,
7203,
7245,
7298,
7299,
7308,
7316,
7334,
7364,
7372,
7380,
7390,
7418,
7460,
7473,
7499,
7502,
7521,
7539,
7602,
7662,
7693,
7695,
7707,
7718,
7785,
7835,
7849,
7864,
7883,
7903,
7913,
7938,
7962,
7971,
7985,
7990,
7998,
8003,
8004,
8042,
8086,
8094,
8141,
8142,
8178,
8205,
8205,
8242,
8274,
8320,
8329,
8342,
8367,
8387,
8398,
8402,
8408,
8409,
8431,
8445,
8455,
8473,
8507,
8508,
8549,
8669,
8706,
8732,
8736,
8756,
8786,
8787,
8807,
8815,
8833,
8854,
8862,
8918,
8931,
8946,
8954,
8955,
8955,
9127,
9127,
9133,
9141,
9218,
9357,
9358,
9386,
9422,
9425,
9427,
9457,
9460,
9472,
9473,
9477,
9509,
9567,
9606,
9612,
9630,
9631,
9680,
9731,
9775,
9820,
9870,
9938,
9946,
9951,
9957,
9980,
9984,
};