// Data set for large 1024 randomly sorted items.
 
int size = 1024;
 
int src[] = { 
6008,
6153,
2301,
2663,
9351,
5667,
9151,
9498,
1555,
5188,
6934,
2628,
7502,
5039,
6212,
7921,
7923,
7547,
8168,
3576,
4332,
359,
2099,
1795,
7866,
4147,
857,
4065,
2454,
3686,
6441,
5722,
9279,
5570,
5534,
4432,
8808,
2323,
5557,
1095,
2716,
484,
5157,
5857,
1396,
7920,
2895,
2346,
4672,
1333,
4404,
7197,
8093,
423,
5197,
9170,
3031,
904,
2206,
3077,
1596,
6674,
6977,
1398,
7877,
6587,
3417,
7587,
4485,
3283,
6488,
1839,
6284,
6053,
8733,
6241,
4120,
2220,
5724,
4079,
1464,
5575,
1514,
7392,
4175,
7104,
9830,
9230,
1565,
8743,
9871,
7665,
7010,
4541,
6520,
5553,
2441,
9769,
7993,
4220,
2794,
112,
2696,
8412,
6756,
5119,
8950,
9379,
1140,
8264,
6265,
5912,
5178,
9049,
5013,
4711,
6640,
7657,
601,
1840,
9348,
6410,
4489,
7831,
3305,
5790,
967,
4325,
9317,
6925,
6284,
9266,
8698,
9393,
2191,
2115,
5204,
9930,
5197,
7272,
6644,
7810,
3012,
8633,
6869,
3363,
6546,
6632,
7010,
6572,
231,
2980,
4652,
4438,
5478,
676,
3054,
2491,
132,
1253,
5564,
7066,
2403,
4864,
8295,
4696,
8972,
5727,
5849,
493,
2586,
5605,
426,
9054,
6515,
2254,
5509,
2933,
3684,
8109,
1699,
2417,
8249,
7217,
9682,
1903,
9753,
8887,
7098,
9342,
7028,
79,
1649,
4591,
9382,
7334,
7664,
1152,
500,
9792,
9566,
9365,
6446,
9560,
1372,
6326,
7161,
6623,
2938,
2107,
4350,
6129,
394,
4103,
2107,
9250,
5114,
2067,
1078,
1555,
5160,
1789,
9731,
214,
6093,
7736,
2251,
7524,
4085,
442,
2990,
1782,
607,
2042,
9376,
356,
3702,
4617,
7149,
6820,
3020,
8938,
1592,
6959,
2617,
1170,
3681,
6285,
1817,
7558,
3091,
8838,
7977,
7356,
154,
7646,
8240,
7652,
4111,
1842,
3917,
994,
6883,
4982,
5815,
432,
5122,
4360,
4137,
2878,
8894,
6235,
9578,
6457,
1389,
9140,
4060,
9984,
9503,
8168,
7681,
5110,
5637,
1324,
4056,
2705,
2039,
3837,
6618,
9982,
605,
6787,
2004,
3307,
5816,
2339,
7430,
4739,
9219,
2713,
2453,
6339,
7795,
1893,
6861,
2507,
9753,
3627,
866,
2250,
6361,
5683,
8243,
4858,
4647,
3791,
4227,
2778,
4198,
5262,
7172,
4799,
8809,
1990,
1192,
7125,
1965,
8825,
1284,
223,
633,
1390,
1984,
9066,
1631,
6613,
7778,
5610,
8971,
2308,
6589,
5691,
5242,
6357,
4995,
9837,
8453,
4569,
31,
4893,
2135,
3478,
5959,
7291,
2372,
432,
7842,
7690,
3501,
7668,
4121,
7150,
4805,
2555,
2293,
1375,
157,
386,
9013,
5994,
412,
4513,
1419,
1760,
9300,
3566,
6177,
1131,
8600,
9031,
8288,
4131,
1621,
1630,
5096,
3111,
8873,
8007,
1419,
2940,
7413,
5042,
4638,
7725,
4404,
9861,
788,
5445,
2313,
8579,
3240,
9104,
8087,
5929,
2279,
7734,
2123,
1210,
1724,
2288,
6386,
6051,
2503,
6550,
7843,
1914,
9031,
7058,
7634,
6064,
8567,
2039,
4217,
9364,
9950,
5418,
5096,
5947,
3682,
9409,
5878,
7042,
1472,
1813,
4341,
4458,
7209,
5343,
4064,
8839,
97,
8195,
9713,
603,
6606,
8248,
6707,
7134,
5928,
4533,
9515,
5273,
6413,
1464,
6634,
3498,
8262,
6852,
6204,
8946,
6506,
1066,
8201,
2019,
395,
3925,
7366,
7243,
5845,
5406,
2810,
6443,
1665,
3190,
692,
8852,
5895,
9269,
8095,
1979,
4368,
985,
1805,
1037,
4117,
5111,
1131,
5964,
7122,
1223,
1655,
7942,
8164,
5207,
2731,
4152,
5549,
4478,
2383,
7621,
1370,
7165,
3748,
8323,
3466,
9178,
9931,
8142,
2230,
3807,
3363,
8155,
5170,
6101,
8971,
956,
7502,
1018,
1723,
7720,
8262,
8776,
3938,
7508,
2832,
7838,
4708,
4217,
6308,
78,
5303,
4962,
2826,
6505,
3851,
5778,
2242,
4186,
2633,
9945,
4636,
593,
6424,
3152,
7885,
2740,
364,
4157,
3396,
5353,
4883,
7821,
3933,
3201,
3981,
3924,
2594,
2483,
1305,
9223,
5861,
6436,
924,
9376,
7652,
9053,
6502,
6569,
4498,
9094,
6979,
5040,
5939,
6027,
5247,
295,
8948,
9417,
9134,
4042,
9170,
6007,
2479,
3685,
7734,
7999,
8283,
4890,
1317,
2387,
9067,
7774,
5401,
9516,
9927,
171,
5080,
4330,
94,
938,
4681,
3175,
2317,
8059,
426,
4690,
2766,
8528,
1658,
7222,
8672,
3033,
9303,
3364,
9881,
4957,
4116,
2750,
4657,
578,
6851,
8087,
7015,
8023,
43,
8509,
1177,
7356,
9623,
9029,
7604,
5302,
6312,
3709,
9061,
1331,
5442,
2981,
4183,
5616,
7252,
1867,
8140,
6121,
4388,
8048,
3740,
1510,
4803,
6530,
4190,
1464,
1391,
3948,
4075,
1507,
9876,
2891,
4386,
998,
8537,
6332,
5113,
4372,
4363,
1922,
3677,
8151,
2053,
5949,
2048,
9250,
4878,
8952,
4103,
7977,
2833,
3310,
1244,
2582,
5116,
7964,
6381,
4580,
2958,
7132,
9804,
4934,
9932,
1887,
1076,
4814,
8994,
1880,
8602,
601,
8206,
6248,
4045,
2350,
5169,
8931,
4839,
6567,
6032,
8455,
5557,
2267,
73,
334,
751,
4869,
3082,
8418,
5342,
9513,
4600,
5098,
532,
55,
3782,
3391,
2373,
6026,
6149,
8204,
2485,
8569,
2147,
437,
8394,
6198,
5966,
827,
2229,
4227,
7681,
4454,
899,
6277,
2645,
6151,
9629,
9125,
3040,
4312,
7339,
1014,
4290,
9983,
9633,
3608,
3432,
5919,
5718,
6338,
5804,
2976,
9134,
8795,
8718,
1025,
825,
2750,
9198,
6391,
6766,
6655,
2955,
1181,
8448,
6932,
30,
4691,
9590,
9667,
389,
7203,
572,
9736,
6945,
1319,
5676,
5006,
5337,
7579,
4607,
3801,
4510,
9030,
5222,
1202,
2528,
5411,
2930,
8705,
3396,
1595,
234,
4140,
2948,
4659,
8268,
2299,
7600,
4322,
4093,
7589,
8210,
3076,
4404,
7451,
696,
9131,
4989,
9077,
4361,
1475,
8923,
8863,
9825,
1143,
2393,
6123,
8455,
5861,
6826,
7445,
7876,
2425,
395,
2182,
5379,
860,
7381,
4390,
9182,
8960,
1569,
8847,
5607,
9900,
1636,
7142,
4454,
4853,
718,
8254,
9029,
1660,
5673,
1537,
5983,
5212,
305,
236,
7898,
8692,
6829,
6117,
6648,
8311,
6935,
8819,
6563,
170,
5782,
7528,
5671,
1604,
689,
6600,
4818,
2523,
748,
6624,
7985,
1340,
7010,
8694,
3098,
3449,
8957,
2010,
2312,
8503,
2196,
9341,
3218,
8344,
2232,
2579,
6532,
1563,
4273,
6548,
1359,
2627,
9461,
7678,
2588,
8921,
498,
8777,
8422,
6336,
9116,
8176,
3198,
51,
3647,
4750,
8377,
1495,
4391,
7836,
9935,
5218,
4911,
7401,
6593,
5477,
7238,
9305,
7861,
2055,
9413,
838,
5055,
8234,
8674,
4078,
9513,
500,
3805,
4111,
2906,
2276,
3153,
741,
9241,
3556,
7397,
8178,
4196,
5368,
6154,
1103,
6305,
1573,
4138,
4332,
7505,
2306,
7805,
359,
4017,
2333,
5938,
2364,
8363,
7933,
9617,
7516,
4888,
1677,
2083,
590,
3123,
565,
1417,
1969,
9099,
8153,
6516,
4740,
974,
6488,
84,
8895,
2638,
5294,
1061,
729,
552,
3655,
1779,
9346,
8261,
8465,
64,
1026,
9430,
7303,
5646,
9754,
1428,
5988,
6778,
8601,
1516,
8803,
65,
3686,
2572,
6334,
8233,
3617,
7390,
9724,
5260,
4519,
1199,
3064,
6188,
84,
2764,
5595,
7513,
7071,
5364,
2652,
5548,
6896,
};

int ref[] = { 
30,
31,
43,
51,
55,
64,
65,
73,
78,
79,
84,
84,
94,
97,
112,
132,
154,
157,
170,
171,
214,
223,
231,
234,
236,
295,
305,
334,
356,
359,
359,
364,
386,
389,
394,
395,
395,
412,
423,
426,
426,
432,
432,
437,
442,
484,
493,
498,
500,
500,
532,
552,
565,
572,
578,
590,
593,
601,
601,
603,
605,
607,
633,
676,
689,
692,
696,
718,
729,
741,
748,
751,
788,
825,
827,
838,
857,
860,
866,
899,
904,
924,
938,
956,
967,
974,
985,
994,
998,
1014,
1018,
1025,
1026,
1037,
1061,
1066,
1076,
1078,
1095,
1103,
1131,
1131,
1140,
1143,
1152,
1170,
1177,
1181,
1192,
1199,
1202,
1210,
1223,
1244,
1253,
1284,
1305,
1317,
1319,
1324,
1331,
1333,
1340,
1359,
1370,
1372,
1375,
1389,
1390,
1391,
1396,
1398,
1417,
1419,
1419,
1428,
1464,
1464,
1464,
1472,
1475,
1495,
1507,
1510,
1514,
1516,
1537,
1555,
1555,
1563,
1565,
1569,
1573,
1592,
1595,
1596,
1604,
1621,
1630,
1631,
1636,
1649,
1655,
1658,
1660,
1665,
1677,
1699,
1723,
1724,
1760,
1779,
1782,
1789,
1795,
1805,
1813,
1817,
1839,
1840,
1842,
1867,
1880,
1887,
1893,
1903,
1914,
1922,
1965,
1969,
1979,
1984,
1990,
2004,
2010,
2019,
2039,
2039,
2042,
2048,
2053,
2055,
2067,
2083,
2099,
2107,
2107,
2115,
2123,
2135,
2147,
2182,
2191,
2196,
2206,
2220,
2229,
2230,
2232,
2242,
2250,
2251,
2254,
2267,
2276,
2279,
2288,
2293,
2299,
2301,
2306,
2308,
2312,
2313,
2317,
2323,
2333,
2339,
2346,
2350,
2364,
2372,
2373,
2383,
2387,
2393,
2403,
2417,
2425,
2441,
2453,
2454,
2479,
2483,
2485,
2491,
2503,
2507,
2523,
2528,
2555,
2572,
2579,
2582,
2586,
2588,
2594,
2617,
2627,
2628,
2633,
2638,
2645,
2652,
2663,
2696,
2705,
2713,
2716,
2731,
2740,
2750,
2750,
2764,
2766,
2778,
2794,
2810,
2826,
2832,
2833,
2878,
2891,
2895,
2906,
2930,
2933,
2938,
2940,
2948,
2955,
2958,
2976,
2980,
2981,
2990,
3012,
3020,
3031,
3033,
3040,
3054,
3064,
3076,
3077,
3082,
3091,
3098,
3111,
3123,
3152,
3153,
3175,
3190,
3198,
3201,
3218,
3240,
3283,
3305,
3307,
3310,
3363,
3363,
3364,
3391,
3396,
3396,
3417,
3432,
3449,
3466,
3478,
3498,
3501,
3556,
3566,
3576,
3608,
3617,
3627,
3647,
3655,
3677,
3681,
3682,
3684,
3685,
3686,
3686,
3702,
3709,
3740,
3748,
3782,
3791,
3801,
3805,
3807,
3837,
3851,
3917,
3924,
3925,
3933,
3938,
3948,
3981,
4017,
4042,
4045,
4056,
4060,
4064,
4065,
4075,
4078,
4079,
4085,
4093,
4103,
4103,
4111,
4111,
4116,
4117,
4120,
4121,
4131,
4137,
4138,
4140,
4147,
4152,
4157,
4175,
4183,
4186,
4190,
4196,
4198,
4217,
4217,
4220,
4227,
4227,
4273,
4290,
4312,
4322,
4325,
4330,
4332,
4332,
4341,
4350,
4360,
4361,
4363,
4368,
4372,
4386,
4388,
4390,
4391,
4404,
4404,
4404,
4432,
4438,
4454,
4454,
4458,
4478,
4485,
4489,
4498,
4510,
4513,
4519,
4533,
4541,
4569,
4580,
4591,
4600,
4607,
4617,
4636,
4638,
4647,
4652,
4657,
4659,
4672,
4681,
4690,
4691,
4696,
4708,
4711,
4739,
4740,
4750,
4799,
4803,
4805,
4814,
4818,
4839,
4853,
4858,
4864,
4869,
4878,
4883,
4888,
4890,
4893,
4911,
4934,
4957,
4962,
4982,
4989,
4995,
5006,
5013,
5039,
5040,
5042,
5055,
5080,
5096,
5096,
5098,
5110,
5111,
5113,
5114,
5116,
5119,
5122,
5157,
5160,
5169,
5170,
5178,
5188,
5197,
5197,
5204,
5207,
5212,
5218,
5222,
5242,
5247,
5260,
5262,
5273,
5294,
5302,
5303,
5337,
5342,
5343,
5353,
5364,
5368,
5379,
5401,
5406,
5411,
5418,
5442,
5445,
5477,
5478,
5509,
5534,
5548,
5549,
5553,
5557,
5557,
5564,
5570,
5575,
5595,
5605,
5607,
5610,
5616,
5637,
5646,
5667,
5671,
5673,
5676,
5683,
5691,
5718,
5722,
5724,
5727,
5778,
5782,
5790,
5804,
5815,
5816,
5845,
5849,
5857,
5861,
5861,
5878,
5895,
5912,
5919,
5928,
5929,
5938,
5939,
5947,
5949,
5959,
5964,
5966,
5983,
5988,
5994,
6007,
6008,
6026,
6027,
6032,
6051,
6053,
6064,
6093,
6101,
6117,
6121,
6123,
6129,
6149,
6151,
6153,
6154,
6177,
6188,
6198,
6204,
6212,
6235,
6241,
6248,
6265,
6277,
6284,
6284,
6285,
6305,
6308,
6312,
6326,
6332,
6334,
6336,
6338,
6339,
6357,
6361,
6381,
6386,
6391,
6410,
6413,
6424,
6436,
6441,
6443,
6446,
6457,
6488,
6488,
6502,
6505,
6506,
6515,
6516,
6520,
6530,
6532,
6546,
6548,
6550,
6563,
6567,
6569,
6572,
6587,
6589,
6593,
6600,
6606,
6613,
6618,
6623,
6624,
6632,
6634,
6640,
6644,
6648,
6655,
6674,
6707,
6756,
6766,
6778,
6787,
6820,
6826,
6829,
6851,
6852,
6861,
6869,
6883,
6896,
6925,
6932,
6934,
6935,
6945,
6959,
6977,
6979,
7010,
7010,
7010,
7015,
7028,
7042,
7058,
7066,
7071,
7098,
7104,
7122,
7125,
7132,
7134,
7142,
7149,
7150,
7161,
7165,
7172,
7197,
7203,
7209,
7217,
7222,
7238,
7243,
7252,
7272,
7291,
7303,
7334,
7339,
7356,
7356,
7366,
7381,
7390,
7392,
7397,
7401,
7413,
7430,
7445,
7451,
7502,
7502,
7505,
7508,
7513,
7516,
7524,
7528,
7547,
7558,
7579,
7587,
7589,
7600,
7604,
7621,
7634,
7646,
7652,
7652,
7657,
7664,
7665,
7668,
7678,
7681,
7681,
7690,
7720,
7725,
7734,
7734,
7736,
7774,
7778,
7795,
7805,
7810,
7821,
7831,
7836,
7838,
7842,
7843,
7861,
7866,
7876,
7877,
7885,
7898,
7920,
7921,
7923,
7933,
7942,
7964,
7977,
7977,
7985,
7993,
7999,
8007,
8023,
8048,
8059,
8087,
8087,
8093,
8095,
8109,
8140,
8142,
8151,
8153,
8155,
8164,
8168,
8168,
8176,
8178,
8195,
8201,
8204,
8206,
8210,
8233,
8234,
8240,
8243,
8248,
8249,
8254,
8261,
8262,
8262,
8264,
8268,
8283,
8288,
8295,
8311,
8323,
8344,
8363,
8377,
8394,
8412,
8418,
8422,
8448,
8453,
8455,
8455,
8465,
8503,
8509,
8528,
8537,
8567,
8569,
8579,
8600,
8601,
8602,
8633,
8672,
8674,
8692,
8694,
8698,
8705,
8718,
8733,
8743,
8776,
8777,
8795,
8803,
8808,
8809,
8819,
8825,
8838,
8839,
8847,
8852,
8863,
8873,
8887,
8894,
8895,
8921,
8923,
8931,
8938,
8946,
8948,
8950,
8952,
8957,
8960,
8971,
8971,
8972,
8994,
9013,
9029,
9029,
9030,
9031,
9031,
9049,
9053,
9054,
9061,
9066,
9067,
9077,
9094,
9099,
9104,
9116,
9125,
9131,
9134,
9134,
9140,
9151,
9170,
9170,
9178,
9182,
9198,
9219,
9223,
9230,
9241,
9250,
9250,
9266,
9269,
9279,
9300,
9303,
9305,
9317,
9341,
9342,
9346,
9348,
9351,
9364,
9365,
9376,
9376,
9379,
9382,
9393,
9409,
9413,
9417,
9430,
9461,
9498,
9503,
9513,
9513,
9515,
9516,
9560,
9566,
9578,
9590,
9617,
9623,
9629,
9633,
9667,
9682,
9713,
9724,
9731,
9736,
9753,
9753,
9754,
9769,
9792,
9804,
9825,
9830,
9837,
9861,
9871,
9876,
9881,
9900,
9927,
9930,
9931,
9932,
9935,
9945,
9950,
9982,
9983,
9984,
};