// Data set for 200 randomly sorted items.
 
int size = 200;
 
int src[] = { 
2762,
6837,
8493,
79,
3757,
8190,
7571,
7653,
9349,
9492,
7209,
4799,
474,
5949,
3192,
8489,
3621,
6389,
8939,
1840,
9401,
421,
9732,
5348,
5591,
9627,
9720,
5190,
9666,
8055,
4162,
4558,
1434,
9132,
5689,
4925,
6355,
6222,
4492,
9724,
2919,
9599,
9917,
6188,
9419,
717,
591,
5967,
7070,
1366,
6413,
7853,
6027,
5328,
8295,
827,
6530,
5886,
5510,
9078,
8279,
9968,
7526,
6938,
8024,
7265,
3370,
389,
9179,
5127,
2441,
690,
9,
7306,
8219,
3494,
5032,
2774,
1322,
9825,
5361,
3006,
1801,
7851,
1905,
3983,
9549,
6777,
5554,
5818,
1716,
3261,
1885,
9041,
9681,
9089,
8154,
5621,
991,
989,
6572,
5249,
1167,
7817,
263,
2448,
6134,
3032,
9869,
2492,
18,
7533,
1360,
4836,
8364,
4373,
2997,
3635,
3359,
9204,
5894,
4646,
9158,
5992,
6025,
2927,
3421,
2438,
4577,
9675,
4823,
2554,
4514,
539,
9748,
918,
5569,
2337,
2841,
3056,
1170,
8006,
64,
1312,
765,
3771,
1236,
3971,
6850,
3878,
6490,
4149,
5463,
1238,
4046,
6738,
1311,
1795,
333,
9738,
3018,
1380,
7090,
4801,
1637,
8635,
4545,
1853,
2128,
4123,
2354,
2478,
3168,
9758,
5456,
6418,
7025,
2285,
9849,
597,
1250,
149,
9145,
604,
6616,
158,
1505,
7379,
8174,
974,
8838,
1002,
8210,
4547,
2201,
6771,
3295,
3370,
1716,
415,
};

int ref[] = { 
9,
18,
64,
79,
149,
158,
263,
333,
389,
415,
421,
474,
539,
591,
597,
604,
690,
717,
765,
827,
918,
974,
989,
991,
1002,
1167,
1170,
1236,
1238,
1250,
1311,
1312,
1322,
1360,
1366,
1380,
1434,
1505,
1637,
1716,
1716,
1795,
1801,
1840,
1853,
1885,
1905,
2128,
2201,
2285,
2337,
2354,
2438,
2441,
2448,
2478,
2492,
2554,
2762,
2774,
2841,
2919,
2927,
2997,
3006,
3018,
3032,
3056,
3168,
3192,
3261,
3295,
3359,
3370,
3370,
3421,
3494,
3621,
3635,
3757,
3771,
3878,
3971,
3983,
4046,
4123,
4149,
4162,
4373,
4492,
4514,
4545,
4547,
4558,
4577,
4646,
4799,
4801,
4823,
4836,
4925,
5032,
5127,
5190,
5249,
5328,
5348,
5361,
5456,
5463,
5510,
5554,
5569,
5591,
5621,
5689,
5818,
5886,
5894,
5949,
5967,
5992,
6025,
6027,
6134,
6188,
6222,
6355,
6389,
6413,
6418,
6490,
6530,
6572,
6616,
6738,
6771,
6777,
6837,
6850,
6938,
7025,
7070,
7090,
7209,
7265,
7306,
7379,
7526,
7533,
7571,
7653,
7817,
7851,
7853,
8006,
8024,
8055,
8154,
8174,
8190,
8210,
8219,
8279,
8295,
8364,
8489,
8493,
8635,
8838,
8939,
9041,
9078,
9089,
9132,
9145,
9158,
9179,
9204,
9349,
9401,
9419,
9492,
9549,
9599,
9627,
9666,
9675,
9681,
9720,
9724,
9732,
9738,
9748,
9758,
9825,
9849,
9869,
9917,
9968,
};