// Data set for large 1000 HILO items.
 
int size = 1000;
 
int src[] = { 
9503,
9765,
9313,
9141,
9973,
9363,
9243,
9143,
9960,
9035,
0,
0,
0,
0,
0,
0,
0,
0,
0,
0,
9258,
9044,
9188,
9668,
9304,
9636,
9920,
9752,
9560,
9694,
0,
0,
0,
0,
0,
0,
0,
0,
0,
0,
9774,
9329,
9175,
9384,
9952,
9542,
9472,
9244,
9104,
9060,
0,
0,
0,
0,
0,
0,
0,
0,
0,
0,
9624,
9451,
9124,
9903,
9390,
9152,
9266,
9226,
9171,
9809,
0,
0,
0,
0,
0,
0,
0,
0,
0,
0,
9037,
9726,
9494,
9029,
9204,
9850,
9994,
9324,
9115,
9292,
0,
0,
0,
0,
0,
0,
0,
0,
0,
0,
9909,
9888,
9207,
9122,
9344,
9421,
9471,
9953,
9783,
9134,
0,
0,
0,
0,
0,
0,
0,
0,
0,
0,
9636,
9514,
9102,
9464,
9837,
9697,
9047,
9812,
9663,
9323,
0,
0,
0,
0,
0,
0,
0,
0,
0,
0,
9743,
9047,
9768,
9663,
9744,
9072,
9064,
9896,
9039,
9757,
0,
0,
0,
0,
0,
0,
0,
0,
0,
0,
9229,
9484,
9973,
9057,
9450,
9349,
9935,
9836,
9566,
9144,
0,
0,
0,
0,
0,
0,
0,
0,
0,
0,
9676,
9231,
9145,
9505,
9284,
9719,
9748,
9498,
9713,
9319,
0,
0,
0,
0,
0,
0,
0,
0,
0,
0,
9967,
9943,
9239,
9524,
9814,
9990,
9217,
9536,
9515,
9365,
0,
0,
0,
0,
0,
0,
0,
0,
0,
0,
9277,
9567,
9572,
9305,
9528,
9300,
9015,
9228,
9890,
9975,
0,
0,
0,
0,
0,
0,
0,
0,
0,
0,
9501,
9746,
9907,
9121,
9346,
9222,
9615,
9482,
9064,
9536,
0,
0,
0,
0,
0,
0,
0,
0,
0,
0,
9799,
9382,
9459,
9372,
9372,
9457,
9900,
9736,
9766,
9775,
0,
0,
0,
0,
0,
0,
0,
0,
0,
0,
9694,
9117,
9692,
9253,
9427,
9395,
9899,
9829,
9538,
9532,
0,
0,
0,
0,
0,
0,
0,
0,
0,
0,
9829,
9566,
9393,
9220,
9935,
9741,
9427,
9984,
9215,
9939,
0,
0,
0,
0,
0,
0,
0,
0,
0,
0,
9555,
9751,
9558,
9137,
9651,
9175,
9959,
9591,
9482,
9408,
0,
0,
0,
0,
0,
0,
0,
0,
0,
0,
9843,
9177,
9613,
9247,
9834,
9574,
9270,
9513,
9106,
9802,
0,
0,
0,
0,
0,
0,
0,
0,
0,
0,
9862,
9636,
9412,
9842,
9586,
9153,
9309,
9631,
9736,
9080,
0,
0,
0,
0,
0,
0,
0,
0,
0,
0,
9264,
9702,
9051,
9982,
9361,
9660,
9486,
9646,
9293,
9052,
0,
0,
0,
0,
0,
0,
0,
0,
0,
0,
9799,
9009,
9589,
9986,
9272,
9601,
9389,
9142,
9437,
9802,
0,
0,
0,
0,
0,
0,
0,
0,
0,
0,
9263,
9463,
9355,
9654,
9700,
9409,
9853,
9897,
9199,
9439,
0,
0,
0,
0,
0,
0,
0,
0,
0,
0,
9351,
9326,
9442,
9849,
9176,
9156,
9596,
9507,
9441,
9359,
0,
0,
0,
0,
0,
0,
0,
0,
0,
0,
9715,
9774,
9924,
9019,
9473,
9631,
9051,
9588,
9214,
9053,
0,
0,
0,
0,
0,
0,
0,
0,
0,
0,
9517,
9644,
9893,
9141,
9261,
9615,
9388,
9674,
9317,
9541,
0,
0,
0,
0,
0,
0,
0,
0,
0,
0,
9103,
9355,
9111,
9210,
9801,
9193,
9254,
9783,
9336,
9519,
0,
0,
0,
0,
0,
0,
0,
0,
0,
0,
9003,
9143,
9079,
9078,
9716,
9900,
9208,
9650,
9693,
9239,
0,
0,
0,
0,
0,
0,
0,
0,
0,
0,
9299,
9753,
9758,
9407,
9226,
9126,
9086,
9084,
9425,
9237,
0,
0,
0,
0,
0,
0,
0,
0,
0,
0,
9982,
9128,
9503,
9164,
9253,
9540,
9427,
9374,
9355,
9566,
0,
0,
0,
0,
0,
0,
0,
0,
0,
0,
9117,
9917,
9466,
9868,
9226,
9422,
9724,
9719,
9294,
9576,
0,
0,
0,
0,
0,
0,
0,
0,
0,
0,
9801,
9053,
9957,
9594,
9575,
9805,
9921,
9488,
9176,
9689,
0,
0,
0,
0,
0,
0,
0,
0,
0,
0,
9492,
9900,
9538,
9251,
9556,
9014,
9787,
9595,
9941,
9821,
0,
0,
0,
0,
0,
0,
0,
0,
0,
0,
9194,
9451,
9723,
9842,
9626,
9456,
9661,
9295,
9806,
9470,
0,
0,
0,
0,
0,
0,
0,
0,
0,
0,
9810,
9925,
9114,
9924,
9059,
9528,
9519,
9460,
9710,
9940,
0,
0,
0,
0,
0,
0,
0,
0,
0,
0,
9918,
9646,
9031,
9401,
9649,
9552,
9715,
9816,
9306,
9810,
0,
0,
0,
0,
0,
0,
0,
0,
0,
0,
9864,
9216,
9102,
9445,
9891,
9137,
9708,
9529,
9537,
9780,
0,
0,
0,
0,
0,
0,
0,
0,
0,
0,
9868,
9256,
9886,
9076,
9394,
9328,
9131,
9277,
9829,
9105,
0,
0,
0,
0,
0,
0,
0,
0,
0,
0,
9208,
9689,
9236,
9926,
9675,
9274,
9304,
9651,
9089,
9419,
0,
0,
0,
0,
0,
0,
0,
0,
0,
0,
9339,
9174,
9722,
9918,
9488,
9879,
9081,
9163,
9962,
9288,
0,
0,
0,
0,
0,
0,
0,
0,
0,
0,
9631,
9854,
9569,
9524,
9633,
9072,
9251,
9427,
9835,
9330,
0,
0,
0,
0,
0,
0,
0,
0,
0,
0,
9762,
9456,
9881,
9056,
9767,
9444,
9706,
9007,
9956,
9860,
0,
0,
0,
0,
0,
0,
0,
0,
0,
0,
9021,
9943,
9531,
9949,
9884,
9845,
9241,
9358,
9115,
9144,
0,
0,
0,
0,
0,
0,
0,
0,
0,
0,
9527,
9236,
9179,
9432,
9715,
9002,
9510,
9041,
9812,
9883,
0,
0,
0,
0,
0,
0,
0,
0,
0,
0,
9357,
9702,
9555,
9136,
9983,
9409,
9633,
9555,
9915,
9308,
0,
0,
0,
0,
0,
0,
0,
0,
0,
0,
9776,
9182,
9137,
9481,
9047,
9577,
9587,
9580,
9327,
9418,
0,
0,
0,
0,
0,
0,
0,
0,
0,
0,
9047,
9289,
9930,
9997,
9096,
9962,
9249,
9270,
9549,
9913,
0,
0,
0,
0,
0,
0,
0,
0,
0,
0,
9776,
9973,
9697,
9409,
9104,
9297,
9004,
9084,
9622,
9107,
0,
0,
0,
0,
0,
0,
0,
0,
0,
0,
9097,
9375,
9737,
9807,
9237,
9674,
9615,
9600,
9680,
9581,
0,
0,
0,
0,
0,
0,
0,
0,
0,
0,
9528,
9420,
9204,
9574,
9407,
9377,
9866,
9143,
9816,
9827,
0,
0,
0,
0,
0,
0,
0,
0,
0,
0,
9952,
9980,
9621,
9489,
9200,
9763,
9222,
9129,
9666,
9417,
0,
0,
0,
0,
0,
0,
0,
0,
0,
0,
};

int ref[] = { 
0,
0,
0,
0,
0,
0,
0,
0,
0,
0,
0,
0,
0,
0,
0,
0,
0,
0,
0,
0,
0,
0,
0,
0,
0,
0,
0,
0,
0,
0,
0,
0,
0,
0,
0,
0,
0,
0,
0,
0,
0,
0,
0,
0,
0,
0,
0,
0,
0,
0,
0,
0,
0,
0,
0,
0,
0,
0,
0,
0,
0,
0,
0,
0,
0,
0,
0,
0,
0,
0,
0,
0,
0,
0,
0,
0,
0,
0,
0,
0,
0,
0,
0,
0,
0,
0,
0,
0,
0,
0,
0,
0,
0,
0,
0,
0,
0,
0,
0,
0,
0,
0,
0,
0,
0,
0,
0,
0,
0,
0,
0,
0,
0,
0,
0,
0,
0,
0,
0,
0,
0,
0,
0,
0,
0,
0,
0,
0,
0,
0,
0,
0,
0,
0,
0,
0,
0,
0,
0,
0,
0,
0,
0,
0,
0,
0,
0,
0,
0,
0,
0,
0,
0,
0,
0,
0,
0,
0,
0,
0,
0,
0,
0,
0,
0,
0,
0,
0,
0,
0,
0,
0,
0,
0,
0,
0,
0,
0,
0,
0,
0,
0,
0,
0,
0,
0,
0,
0,
0,
0,
0,
0,
0,
0,
0,
0,
0,
0,
0,
0,
0,
0,
0,
0,
0,
0,
0,
0,
0,
0,
0,
0,
0,
0,
0,
0,
0,
0,
0,
0,
0,
0,
0,
0,
0,
0,
0,
0,
0,
0,
0,
0,
0,
0,
0,
0,
0,
0,
0,
0,
0,
0,
0,
0,
0,
0,
0,
0,
0,
0,
0,
0,
0,
0,
0,
0,
0,
0,
0,
0,
0,
0,
0,
0,
0,
0,
0,
0,
0,
0,
0,
0,
0,
0,
0,
0,
0,
0,
0,
0,
0,
0,
0,
0,
0,
0,
0,
0,
0,
0,
0,
0,
0,
0,
0,
0,
0,
0,
0,
0,
0,
0,
0,
0,
0,
0,
0,
0,
0,
0,
0,
0,
0,
0,
0,
0,
0,
0,
0,
0,
0,
0,
0,
0,
0,
0,
0,
0,
0,
0,
0,
0,
0,
0,
0,
0,
0,
0,
0,
0,
0,
0,
0,
0,
0,
0,
0,
0,
0,
0,
0,
0,
0,
0,
0,
0,
0,
0,
0,
0,
0,
0,
0,
0,
0,
0,
0,
0,
0,
0,
0,
0,
0,
0,
0,
0,
0,
0,
0,
0,
0,
0,
0,
0,
0,
0,
0,
0,
0,
0,
0,
0,
0,
0,
0,
0,
0,
0,
0,
0,
0,
0,
0,
0,
0,
0,
0,
0,
0,
0,
0,
0,
0,
0,
0,
0,
0,
0,
0,
0,
0,
0,
0,
0,
0,
0,
0,
0,
0,
0,
0,
0,
0,
0,
0,
0,
0,
0,
0,
0,
0,
0,
0,
0,
0,
0,
0,
0,
0,
0,
0,
0,
0,
0,
0,
0,
0,
0,
0,
0,
0,
0,
0,
0,
0,
0,
0,
0,
0,
0,
0,
0,
0,
0,
0,
0,
0,
0,
0,
0,
0,
0,
0,
0,
0,
0,
0,
0,
0,
0,
0,
0,
0,
0,
0,
0,
0,
0,
0,
0,
9002,
9003,
9004,
9007,
9009,
9014,
9015,
9019,
9021,
9029,
9031,
9035,
9037,
9039,
9041,
9044,
9047,
9047,
9047,
9047,
9051,
9051,
9052,
9053,
9053,
9056,
9057,
9059,
9060,
9064,
9064,
9072,
9072,
9076,
9078,
9079,
9080,
9081,
9084,
9084,
9086,
9089,
9096,
9097,
9102,
9102,
9103,
9104,
9104,
9105,
9106,
9107,
9111,
9114,
9115,
9115,
9117,
9117,
9121,
9122,
9124,
9126,
9128,
9129,
9131,
9134,
9136,
9137,
9137,
9137,
9141,
9141,
9142,
9143,
9143,
9143,
9144,
9144,
9145,
9152,
9153,
9156,
9163,
9164,
9171,
9174,
9175,
9175,
9176,
9176,
9177,
9179,
9182,
9188,
9193,
9194,
9199,
9200,
9204,
9204,
9207,
9208,
9208,
9210,
9214,
9215,
9216,
9217,
9220,
9222,
9222,
9226,
9226,
9226,
9228,
9229,
9231,
9236,
9236,
9237,
9237,
9239,
9239,
9241,
9243,
9244,
9247,
9249,
9251,
9251,
9253,
9253,
9254,
9256,
9258,
9261,
9263,
9264,
9266,
9270,
9270,
9272,
9274,
9277,
9277,
9284,
9288,
9289,
9292,
9293,
9294,
9295,
9297,
9299,
9300,
9304,
9304,
9305,
9306,
9308,
9309,
9313,
9317,
9319,
9323,
9324,
9326,
9327,
9328,
9329,
9330,
9336,
9339,
9344,
9346,
9349,
9351,
9355,
9355,
9355,
9357,
9358,
9359,
9361,
9363,
9365,
9372,
9372,
9374,
9375,
9377,
9382,
9384,
9388,
9389,
9390,
9393,
9394,
9395,
9401,
9407,
9407,
9408,
9409,
9409,
9409,
9412,
9417,
9418,
9419,
9420,
9421,
9422,
9425,
9427,
9427,
9427,
9427,
9432,
9437,
9439,
9441,
9442,
9444,
9445,
9450,
9451,
9451,
9456,
9456,
9457,
9459,
9460,
9463,
9464,
9466,
9470,
9471,
9472,
9473,
9481,
9482,
9482,
9484,
9486,
9488,
9488,
9489,
9492,
9494,
9498,
9501,
9503,
9503,
9505,
9507,
9510,
9513,
9514,
9515,
9517,
9519,
9519,
9524,
9524,
9527,
9528,
9528,
9528,
9529,
9531,
9532,
9536,
9536,
9537,
9538,
9538,
9540,
9541,
9542,
9549,
9552,
9555,
9555,
9555,
9556,
9558,
9560,
9566,
9566,
9566,
9567,
9569,
9572,
9574,
9574,
9575,
9576,
9577,
9580,
9581,
9586,
9587,
9588,
9589,
9591,
9594,
9595,
9596,
9600,
9601,
9613,
9615,
9615,
9615,
9621,
9622,
9624,
9626,
9631,
9631,
9631,
9633,
9633,
9636,
9636,
9636,
9644,
9646,
9646,
9649,
9650,
9651,
9651,
9654,
9660,
9661,
9663,
9663,
9666,
9668,
9674,
9674,
9675,
9676,
9680,
9689,
9689,
9692,
9693,
9694,
9694,
9697,
9697,
9700,
9702,
9702,
9706,
9708,
9710,
9713,
9715,
9715,
9715,
9716,
9719,
9719,
9722,
9723,
9724,
9726,
9736,
9736,
9737,
9741,
9743,
9744,
9746,
9748,
9751,
9752,
9753,
9757,
9758,
9762,
9763,
9765,
9766,
9767,
9768,
9774,
9774,
9775,
9776,
9776,
9780,
9783,
9783,
9787,
9799,
9799,
9801,
9801,
9802,
9802,
9805,
9806,
9807,
9809,
9810,
9810,
9812,
9812,
9814,
9816,
9816,
9821,
9827,
9829,
9829,
9829,
9834,
9835,
9836,
9837,
9842,
9842,
9843,
9845,
9849,
9850,
9853,
9854,
9860,
9862,
9864,
9866,
9868,
9868,
9879,
9881,
9883,
9884,
9886,
9888,
9890,
9891,
9893,
9896,
9897,
9899,
9900,
9900,
9900,
9903,
9907,
9909,
9913,
9915,
9917,
9918,
9918,
9920,
9921,
9924,
9924,
9925,
9926,
9930,
9935,
9935,
9939,
9940,
9941,
9943,
9943,
9949,
9952,
9952,
9953,
9956,
9957,
9959,
9960,
9962,
9962,
9967,
9973,
9973,
9973,
9975,
9980,
9982,
9982,
9983,
9984,
9986,
9990,
9994,
9997,
};