// Data set for 600 randomly sorted items.
 
int size = 600;
 
int src[] = { 
5360,
3533,
323,
7617,
4890,
3616,
9652,
6290,
7109,
5116,
5644,
6856,
5891,
6682,
306,
5675,
2749,
3745,
8852,
7071,
2715,
3346,
5703,
1238,
6611,
6120,
2080,
8897,
8272,
2692,
8233,
8973,
1117,
8213,
1842,
1490,
1787,
588,
8140,
6201,
3659,
8587,
854,
9540,
4146,
3469,
8034,
2188,
2719,
1977,
3065,
9667,
3230,
3517,
6890,
8840,
4951,
3290,
6045,
6925,
7011,
3915,
9309,
5443,
2527,
2323,
9259,
1488,
6510,
7513,
899,
8334,
1119,
609,
4514,
82,
2071,
5587,
5056,
2072,
3430,
6615,
9360,
5113,
2280,
1044,
5063,
1978,
3227,
9343,
1380,
7334,
6569,
5500,
8045,
6426,
245,
6302,
8168,
5570,
3864,
9136,
6768,
1408,
7460,
9316,
715,
1191,
5794,
3011,
5876,
622,
3973,
618,
9212,
3824,
9112,
8060,
7850,
9606,
9584,
9967,
8387,
2666,
2167,
4581,
4667,
3556,
5213,
2436,
1393,
7235,
2526,
9787,
5296,
2652,
3363,
5522,
2424,
9931,
8182,
8940,
5437,
822,
818,
5095,
6380,
324,
5456,
7365,
409,
9523,
2800,
6113,
4245,
6728,
5957,
8274,
3973,
268,
3461,
545,
248,
7661,
8265,
3652,
2419,
1103,
5685,
7823,
6700,
2499,
5137,
1574,
5459,
1509,
1709,
1682,
5041,
150,
7757,
5343,
1634,
9582,
4015,
7226,
5248,
5592,
1566,
7231,
8807,
5369,
2227,
3660,
3919,
5625,
1086,
1656,
1752,
5228,
5029,
6638,
6315,
4868,
8993,
3107,
685,
8065,
4163,
9737,
8670,
1496,
2597,
7293,
942,
2069,
8595,
3274,
4971,
231,
1238,
8751,
2434,
9104,
3492,
3329,
4803,
7709,
3671,
6359,
3954,
5484,
6632,
329,
3824,
9761,
8179,
3827,
8730,
3380,
5436,
215,
1856,
75,
9432,
9031,
9698,
6833,
2062,
4678,
4884,
3690,
6730,
8678,
246,
3223,
1116,
3537,
2077,
5405,
9363,
7360,
4340,
1810,
3303,
6024,
7394,
5034,
5168,
7645,
2213,
3808,
797,
5755,
3843,
2828,
444,
8139,
3795,
5139,
9250,
2501,
5225,
9706,
2753,
6859,
2295,
9724,
8401,
107,
4350,
401,
8861,
275,
7240,
7328,
4171,
2922,
4309,
8228,
6217,
9072,
4015,
1069,
9382,
8287,
850,
8482,
3116,
7897,
2683,
3342,
2437,
7519,
7254,
3229,
5647,
2028,
3068,
2676,
8281,
7987,
8619,
7118,
1591,
3528,
7573,
4693,
6729,
8649,
4952,
4809,
9114,
7629,
5968,
7622,
3777,
645,
5331,
3104,
184,
616,
7735,
5954,
4540,
6540,
7460,
4298,
7020,
2083,
8306,
2884,
3596,
9878,
667,
2944,
4307,
2611,
4788,
8532,
9140,
5032,
4332,
7253,
4854,
4636,
4586,
7516,
2370,
1533,
9478,
799,
7994,
2164,
1153,
1821,
3704,
2863,
8580,
7804,
4046,
6510,
8732,
748,
4220,
9741,
4508,
7386,
2419,
6934,
6868,
5533,
8601,
4678,
7973,
6162,
5441,
559,
9781,
517,
1584,
1432,
9051,
2662,
6665,
2625,
2667,
3002,
9634,
5779,
8664,
2099,
4769,
2840,
637,
6043,
3138,
7611,
8693,
3293,
7391,
674,
2196,
7834,
33,
7974,
2467,
4789,
3913,
245,
9305,
8082,
7674,
8700,
6389,
3033,
1123,
4815,
6608,
6267,
4923,
9893,
348,
8940,
1164,
1355,
2182,
2984,
5493,
296,
3832,
3943,
2516,
3128,
9706,
8092,
5150,
6852,
278,
1497,
1507,
8791,
8327,
5222,
1166,
5172,
3276,
9934,
2084,
5973,
9942,
6817,
1474,
4456,
7240,
1663,
2228,
3403,
5691,
8879,
4171,
9301,
9762,
8209,
6279,
1690,
6086,
8463,
394,
6985,
1907,
9975,
7312,
5910,
8643,
8553,
6547,
3205,
1352,
8519,
8026,
3613,
6715,
9645,
8459,
8929,
6777,
91,
1186,
5042,
8166,
502,
8030,
9873,
6304,
4728,
8192,
9718,
3267,
1323,
3343,
2595,
8854,
2337,
1551,
777,
3120,
211,
52,
2347,
5505,
2670,
8569,
2388,
8411,
7707,
110,
335,
4637,
8399,
9540,
6041,
2231,
1180,
2923,
5701,
968,
9898,
3358,
8345,
7549,
6272,
2315,
6386,
4400,
7855,
7669,
5812,
6438,
7329,
3307,
60,
1712,
7122,
7274,
8573,
5116,
8740,
9518,
6938,
179,
6766,
5531,
2807,
8510,
4503,
637,
9963,
5161,
2931,
77,
974,
6890,
8823,
2537,
8820,
4696,
7015,
3410,
9634,
7799,
640,
6286,
8228,
8356,
4259,
3355,
8617,
3061,
39,
};

int ref[] = { 
33,
39,
52,
60,
75,
77,
82,
91,
107,
110,
150,
179,
184,
211,
215,
231,
245,
245,
246,
248,
268,
275,
278,
296,
306,
323,
324,
329,
335,
348,
394,
401,
409,
444,
502,
517,
545,
559,
588,
609,
616,
618,
622,
637,
637,
640,
645,
667,
674,
685,
715,
748,
777,
797,
799,
818,
822,
850,
854,
899,
942,
968,
974,
1044,
1069,
1086,
1103,
1116,
1117,
1119,
1123,
1153,
1164,
1166,
1180,
1186,
1191,
1238,
1238,
1323,
1352,
1355,
1380,
1393,
1408,
1432,
1474,
1488,
1490,
1496,
1497,
1507,
1509,
1533,
1551,
1566,
1574,
1584,
1591,
1634,
1656,
1663,
1682,
1690,
1709,
1712,
1752,
1787,
1810,
1821,
1842,
1856,
1907,
1977,
1978,
2028,
2062,
2069,
2071,
2072,
2077,
2080,
2083,
2084,
2099,
2164,
2167,
2182,
2188,
2196,
2213,
2227,
2228,
2231,
2280,
2295,
2315,
2323,
2337,
2347,
2370,
2388,
2419,
2419,
2424,
2434,
2436,
2437,
2467,
2499,
2501,
2516,
2526,
2527,
2537,
2595,
2597,
2611,
2625,
2652,
2662,
2666,
2667,
2670,
2676,
2683,
2692,
2715,
2719,
2749,
2753,
2800,
2807,
2828,
2840,
2863,
2884,
2922,
2923,
2931,
2944,
2984,
3002,
3011,
3033,
3061,
3065,
3068,
3104,
3107,
3116,
3120,
3128,
3138,
3205,
3223,
3227,
3229,
3230,
3267,
3274,
3276,
3290,
3293,
3303,
3307,
3329,
3342,
3343,
3346,
3355,
3358,
3363,
3380,
3403,
3410,
3430,
3461,
3469,
3492,
3517,
3528,
3533,
3537,
3556,
3596,
3613,
3616,
3652,
3659,
3660,
3671,
3690,
3704,
3745,
3777,
3795,
3808,
3824,
3824,
3827,
3832,
3843,
3864,
3913,
3915,
3919,
3943,
3954,
3973,
3973,
4015,
4015,
4046,
4146,
4163,
4171,
4171,
4220,
4245,
4259,
4298,
4307,
4309,
4332,
4340,
4350,
4400,
4456,
4503,
4508,
4514,
4540,
4581,
4586,
4636,
4637,
4667,
4678,
4678,
4693,
4696,
4728,
4769,
4788,
4789,
4803,
4809,
4815,
4854,
4868,
4884,
4890,
4923,
4951,
4952,
4971,
5029,
5032,
5034,
5041,
5042,
5056,
5063,
5095,
5113,
5116,
5116,
5137,
5139,
5150,
5161,
5168,
5172,
5213,
5222,
5225,
5228,
5248,
5296,
5331,
5343,
5360,
5369,
5405,
5436,
5437,
5441,
5443,
5456,
5459,
5484,
5493,
5500,
5505,
5522,
5531,
5533,
5570,
5587,
5592,
5625,
5644,
5647,
5675,
5685,
5691,
5701,
5703,
5755,
5779,
5794,
5812,
5876,
5891,
5910,
5954,
5957,
5968,
5973,
6024,
6041,
6043,
6045,
6086,
6113,
6120,
6162,
6201,
6217,
6267,
6272,
6279,
6286,
6290,
6302,
6304,
6315,
6359,
6380,
6386,
6389,
6426,
6438,
6510,
6510,
6540,
6547,
6569,
6608,
6611,
6615,
6632,
6638,
6665,
6682,
6700,
6715,
6728,
6729,
6730,
6766,
6768,
6777,
6817,
6833,
6852,
6856,
6859,
6868,
6890,
6890,
6925,
6934,
6938,
6985,
7011,
7015,
7020,
7071,
7109,
7118,
7122,
7226,
7231,
7235,
7240,
7240,
7253,
7254,
7274,
7293,
7312,
7328,
7329,
7334,
7360,
7365,
7386,
7391,
7394,
7460,
7460,
7513,
7516,
7519,
7549,
7573,
7611,
7617,
7622,
7629,
7645,
7661,
7669,
7674,
7707,
7709,
7735,
7757,
7799,
7804,
7823,
7834,
7850,
7855,
7897,
7973,
7974,
7987,
7994,
8026,
8030,
8034,
8045,
8060,
8065,
8082,
8092,
8139,
8140,
8166,
8168,
8179,
8182,
8192,
8209,
8213,
8228,
8228,
8233,
8265,
8272,
8274,
8281,
8287,
8306,
8327,
8334,
8345,
8356,
8387,
8399,
8401,
8411,
8459,
8463,
8482,
8510,
8519,
8532,
8553,
8569,
8573,
8580,
8587,
8595,
8601,
8617,
8619,
8643,
8649,
8664,
8670,
8678,
8693,
8700,
8730,
8732,
8740,
8751,
8791,
8807,
8820,
8823,
8840,
8852,
8854,
8861,
8879,
8897,
8929,
8940,
8940,
8973,
8993,
9031,
9051,
9072,
9104,
9112,
9114,
9136,
9140,
9212,
9250,
9259,
9301,
9305,
9309,
9316,
9343,
9360,
9363,
9382,
9432,
9478,
9518,
9523,
9540,
9540,
9582,
9584,
9606,
9634,
9634,
9645,
9652,
9667,
9698,
9706,
9706,
9718,
9724,
9737,
9741,
9761,
9762,
9781,
9787,
9873,
9878,
9893,
9898,
9931,
9934,
9942,
9963,
9967,
9975,
};